    1    1.00E+000    3.8458819462E-014
    1    2.00E+000    1.4797191250E-013
    1    3.00E+000    3.1152858071E-013
    1    4.00E+000    4.6394832420E-013
    1    5.00E+000    5.2308157805E-013
    1    6.00E+000    4.7788162316E-013
    1    7.00E+000    3.3215097339E-013
    1    8.00E+000    1.4060974607E-013
    1    9.00E+000   -4.6004866583E-015
    1    1.00E+001   -1.3847256675E-013
    1    1.10E+001   -3.4766287071E-013
    1    1.20E+001   -6.0574332009E-013
    1    1.30E+001   -8.8129503695E-013
    1    1.40E+001   -1.0923484339E-012
    1    1.50E+001   -1.2910367220E-012
    1    1.60E+001   -1.4743206656E-012
    1    1.70E+001   -1.5644013862E-012
    1    1.80E+001   -1.5437651157E-012
    1    1.90E+001   -1.4100387524E-012
    1    2.00E+001   -1.1581985371E-012
    1    2.10E+001   -8.7292673090E-013
    1    2.20E+001   -5.8644755718E-013
    1    2.30E+001   -2.1488366642E-013
    1    2.40E+001    2.0146384561E-013
    1    2.50E+001    6.8745009685E-013
    1    2.60E+001    1.1694221980E-012
    1    2.70E+001    1.5947174137E-012
    1    2.80E+001    1.9151789529E-012
    1    2.90E+001    2.2274057598E-012
    1    3.00E+001    2.4928670239E-012
    1    3.10E+001    2.6734031655E-012
    1    3.20E+001    2.8394370188E-012
    1    3.30E+001    2.9186930650E-012
    1    3.40E+001    2.7978452888E-012
    1    3.50E+001    2.5495994205E-012
    1    3.60E+001    2.1842527786E-012
    1    3.70E+001    1.7994772339E-012
    1    3.80E+001    1.2038980923E-012
    1    3.90E+001    5.3346216333E-013
    1    4.00E+001   -1.1926570842E-013
    1    4.10E+001   -8.5928486548E-013
    1    4.20E+001   -1.6196488595E-012
    1    4.30E+001   -2.3270552152E-012
    1    4.40E+001   -3.1369074005E-012
    1    4.50E+001   -4.0194791939E-012
    1    4.60E+001   -4.7254006263E-012
    1    4.70E+001   -5.2727405775E-012
    1    4.80E+001   -5.5948995437E-012
    1    4.90E+001   -5.6441227560E-012
    1    5.00E+001   -5.3971549452E-012
    1    5.10E+001   -4.8590298452E-012
    1    5.20E+001   -4.2193054606E-012
    1    5.30E+001   -3.6359804056E-012
    1    5.40E+001   -3.1450952953E-012
    1    5.50E+001   -2.7731428265E-012
    1    5.60E+001   -2.1939117190E-012
    1    5.70E+001   -1.2697620733E-012
    1    5.80E+001   -3.5682568011E-013
    1    5.90E+001    4.0661918277E-013
    1    6.00E+001    9.6045393860E-013
    1    6.10E+001    1.6444345885E-012
    1    6.20E+001    2.2800095145E-012
    1    6.30E+001    2.6287860777E-012
    1    6.40E+001    3.0418723096E-012
    1    6.50E+001    3.7905512063E-012
    1    6.60E+001    4.7994941355E-012
    1    6.70E+001    5.9676430464E-012
    1    6.80E+001    6.8781091933E-012
    1    6.90E+001    7.4519002080E-012
    1    7.00E+001    8.0219164644E-012
    1    7.10E+001    8.6262262524E-012
    1    7.20E+001    9.1922164325E-012
    1    7.30E+001    9.3634683340E-012
    1    7.40E+001    9.1086582721E-012
    1    7.50E+001    8.4308948711E-012
    1    7.60E+001    7.7038930790E-012
    1    7.70E+001    6.9039496342E-012
    1    7.80E+001    6.0868809992E-012
    1    7.90E+001    5.3132775957E-012
    1    8.00E+001    4.2076064855E-012
    1    8.10E+001    2.6394442187E-012
    1    8.20E+001    1.1127487820E-012
    1    8.30E+001   -2.5324187192E-013
    1    8.40E+001   -1.3340439864E-012
    1    8.50E+001   -2.5619228960E-012
    1    8.60E+001   -3.6591008001E-012
    1    8.70E+001   -4.2865849759E-012
    1    8.80E+001   -4.9468623642E-012
    1    8.90E+001   -5.9583588063E-012
    1    9.00E+001   -7.2139681381E-012
    1    9.10E+001   -8.5868916144E-012
    1    9.20E+001   -9.6376864822E-012
    1    9.30E+001   -1.0127218508E-011
    1    9.40E+001   -1.0489858981E-011
    1    9.50E+001   -1.0842327036E-011
    1    9.60E+001   -1.1142475831E-011
    1    9.70E+001   -1.1358081142E-011
    1    9.80E+001   -1.1470269179E-011
    1    9.90E+001   -1.1475140282E-011
    1    1.00E+002   -1.1290732238E-011
    1    1.01E+002   -1.0546688523E-011
    1    1.02E+002   -9.3176855120E-012
    1    1.03E+002   -7.7168063606E-012
    1    1.04E+002   -5.9463683977E-012
    1    1.05E+002   -4.1123840444E-012
    1    1.06E+002   -2.1553384077E-012
    1    1.07E+002   -2.7601185226E-014
    1    1.08E+002    2.0820333305E-012
    1    1.09E+002    4.1084583652E-012
    1    1.10E+002    6.0743562957E-012
    1    1.11E+002    7.7387575514E-012
    1    1.12E+002    9.2055668643E-012
    1    1.13E+002    1.0583606908E-011
    1    1.14E+002    1.1753034310E-011
    1    1.15E+002    1.2606654436E-011
    1    1.16E+002    1.3315876179E-011
    1    1.17E+002    1.3692033618E-011
    1    1.18E+002    1.3602730053E-011
    1    1.19E+002    1.3130260768E-011
    1    1.20E+002    1.2306156094E-011
    1    1.21E+002    1.1381368070E-011
    1    1.22E+002    1.0132186756E-011
    1    1.23E+002    8.6606832816E-012
    1    1.24E+002    6.7875149945E-012
    1    1.25E+002    4.6210535398E-012
    1    1.26E+002    2.3473167854E-012
    1    1.27E+002    1.5862311464E-013
    1    1.28E+002   -1.8656742817E-012
    1    1.29E+002   -4.0593084449E-012
    1    1.30E+002   -6.4384331200E-012
    1    1.31E+002   -8.5143558870E-012
    1    1.32E+002   -1.0106609993E-011
    1    1.33E+002   -1.1331602323E-011
    1    1.34E+002   -1.2493256429E-011
    1    1.35E+002   -1.2986195452E-011
    1    1.36E+002   -1.3100076579E-011
    1    1.37E+002   -1.3290035739E-011
    1    1.38E+002   -1.3532244769E-011
    1    1.39E+002   -1.3792952891E-011
    1    1.40E+002   -1.4011646010E-011
    1    1.41E+002   -1.3570376593E-011
    1    1.42E+002   -1.2539996819E-011
    1    1.43E+002   -1.1526724020E-011
    1    1.44E+002   -1.0600104128E-011
    1    1.45E+002   -9.8212549204E-012
    1    1.46E+002   -9.2389151884E-012
    1    1.47E+002   -8.8871965342E-012
    1    1.48E+002   -8.3717199839E-012
    1    1.49E+002   -7.1752881414E-012
    1    1.50E+002   -5.3920201637E-012
    1    1.51E+002   -3.1686320234E-012
    1    1.52E+002   -4.7439829842E-013
    1    1.53E+002    2.0217161278E-012
    1    1.54E+002    4.2571779435E-012
    1    1.55E+002    6.7133798520E-012
    1    1.56E+002    9.1704976946E-012
    1    1.57E+002    1.1799006217E-011
    1    1.58E+002    1.3859552395E-011
    1    1.59E+002    1.5588363933E-011
    1    1.60E+002    1.7286519438E-011
    1    1.61E+002    1.8694851223E-011
    1    1.62E+002    1.9672426882E-011
    1    1.63E+002    2.0114285237E-011
    1    1.64E+002    1.9666247797E-011
    1    1.65E+002    1.8814089175E-011
    1    1.66E+002    1.7874229874E-011
    1    1.67E+002    1.6399631653E-011
    1    1.68E+002    1.4501344570E-011
    1    1.69E+002    1.1795259214E-011
    1    1.70E+002    8.7204410359E-012
    1    1.71E+002    5.5331850213E-012
    1    1.72E+002    2.5500712653E-012
    1    1.73E+002   -7.0923822371E-013
    1    1.74E+002   -3.9639680427E-012
    1    1.75E+002   -6.9290684301E-012
    1    1.76E+002   -1.0201506306E-011
    1    1.77E+002   -1.3588713488E-011
    1    1.78E+002   -1.6259493751E-011
    1    1.79E+002   -1.8315696182E-011
    1    1.80E+002   -1.9562462761E-011
    1    1.81E+002   -2.0760282382E-011
    1    1.82E+002   -2.1058150015E-011
    1    1.83E+002   -2.0382435323E-011
    1    1.84E+002   -1.9578595689E-011
    1    1.85E+002   -1.8799364843E-011
    1    1.86E+002   -1.8092694010E-011
    1    1.87E+002   -1.7501333716E-011
    1    1.88E+002   -1.6085244248E-011
    1    1.89E+002   -1.3586964887E-011
    1    1.90E+002   -1.1113471254E-011
    1    1.91E+002   -8.8792584396E-012
    1    1.92E+002   -7.0717598444E-012
    1    1.93E+002   -5.8464066921E-012
    1    1.94E+002   -5.3126114619E-012
    1    1.95E+002   -5.5241089481E-012
    1    1.96E+002   -5.6250282210E-012
    1    1.97E+002   -4.4974302060E-012
    1    1.98E+002   -2.2539053957E-012
    1    1.99E+002    8.9646345902E-013
    1    2.00E+002    3.8941072589E-012
    1    2.01E+002    6.0366468768E-012
    1    2.02E+002    8.1859952844E-012
    1    2.03E+002    1.0918710380E-011
    1    2.04E+002    1.3982426328E-011
    1    2.05E+002    1.6593337815E-011
    1    2.06E+002    1.8866339047E-011
    1    2.07E+002    2.1072810164E-011
    1    2.08E+002    2.2728693927E-011
    1    2.09E+002    2.3288065920E-011
    1    2.10E+002    2.2696677870E-011
    1    2.11E+002    2.0997620309E-011
    1    2.12E+002    1.9092588621E-011
    1    2.13E+002    1.7103429784E-011
    1    2.14E+002    1.4378609414E-011
    1    2.15E+002    1.0738993028E-011
    1    2.16E+002    6.4983296522E-012
    1    2.17E+002    2.4641955143E-012
    1    2.18E+002   -1.4405698856E-012
    1    2.19E+002   -4.8722414991E-012
    1    2.20E+002   -8.5812468242E-012
    1    2.21E+002   -1.2649770120E-011
    1    2.22E+002   -1.6714102324E-011
    1    2.23E+002   -2.0413504220E-011
    1    2.24E+002   -2.3336096944E-011
    1    2.25E+002   -2.5647213520E-011
    1    2.26E+002   -2.7735872626E-011
    1    2.27E+002   -2.9154708162E-011
    1    2.28E+002   -2.9772545106E-011
    1    2.29E+002   -2.9487667516E-011
    1    2.30E+002   -2.8652809292E-011
    1    2.31E+002   -2.7029394348E-011
    1    2.32E+002   -2.4693301223E-011
    1    2.33E+002   -2.1745445722E-011
    1    2.34E+002   -1.8438035820E-011
    1    2.35E+002   -1.5049572699E-011
    1    2.36E+002   -1.1605397199E-011
    1    2.37E+002   -7.4556472107E-012
    1    2.38E+002   -2.7880198150E-012
    1    2.39E+002    1.5716872248E-012
    1    2.40E+002    5.2543247531E-012
    1    2.41E+002    7.9517781248E-012
    1    2.42E+002    9.4430574471E-012
    1    2.43E+002    9.6120889026E-012
    1    2.44E+002    9.6559704676E-012
    1    2.45E+002    1.0550477159E-011
    1    2.46E+002    1.2223444479E-011
    1    2.47E+002    1.4530987524E-011
    1    2.48E+002    1.6926265944E-011
    1    2.49E+002    1.8004098212E-011
    1    2.50E+002    1.8435086790E-011
    1    2.51E+002    1.9350021585E-011
    1    2.52E+002    2.0655338551E-011
    1    2.53E+002    2.1926641058E-011
    1    2.54E+002    2.2243533404E-011
    1    2.55E+002    2.2804980885E-011
    1    2.56E+002    2.3246793379E-011
    1    2.57E+002    2.2391324905E-011
    1    2.58E+002    2.0292614811E-011
    1    2.59E+002    1.7114559769E-011
    1    2.60E+002    1.2949447070E-011
    1    2.61E+002    9.0119578466E-012
    1    2.62E+002    5.2989002075E-012
    1    2.63E+002    8.5906282088E-013
    1    2.64E+002   -3.9286074394E-012
    1    2.65E+002   -9.2820195974E-012
    1    2.66E+002   -1.4176049223E-011
    1    2.67E+002   -1.8184564965E-011
    1    2.68E+002   -2.1337570599E-011
    1    2.69E+002   -2.4556690015E-011
    1    2.70E+002   -2.7552959914E-011
    1    2.71E+002   -3.0052682565E-011
    1    2.72E+002   -3.2519195670E-011
    1    2.73E+002   -3.4099917334E-011
    1    2.74E+002   -3.4199885545E-011
    1    2.75E+002   -3.3606110950E-011
    1    2.76E+002   -3.2349525836E-011
    1    2.77E+002   -3.0935087825E-011
    1    2.78E+002   -2.8065133550E-011
    1    2.79E+002   -2.4754781558E-011
    1    2.80E+002   -2.1385143656E-011
    1    2.81E+002   -1.7249979223E-011
    1    2.82E+002   -1.2696010909E-011
    1    2.83E+002   -8.1087359050E-012
    1    2.84E+002   -2.5757174171E-012
    1    2.85E+002    3.4675318172E-012
    1    2.86E+002    8.7831131257E-012
    1    2.87E+002    1.3631762386E-011
    1    2.88E+002    1.7587153955E-011
    1    2.89E+002    2.0297652448E-011
    1    2.90E+002    2.1517732041E-011
    1    2.91E+002    2.1129847871E-011
    1    2.92E+002    2.0451015881E-011
    1    2.93E+002    2.0620338770E-011
    1    2.94E+002    2.1605738032E-011
    1    2.95E+002    2.3302132793E-011
    1    2.96E+002    2.3958609402E-011
    1    2.97E+002    2.2853066661E-011
    1    2.98E+002    2.1649834703E-011
    1    2.99E+002    2.1064427980E-011
    1    3.00E+002    2.1129431538E-011
    1    3.01E+002    2.0271978540E-011
    1    3.02E+002    1.9216600533E-011
    1    3.03E+002    1.8843010485E-011
    1    3.04E+002    1.7738754909E-011
    1    3.05E+002    1.4771267542E-011
    1    3.06E+002    1.0195067013E-011
    1    3.07E+002    4.4047265835E-012
    1    3.08E+002   -9.0397134223E-013
    1    3.09E+002   -5.4660442839E-012
    1    3.10E+002   -1.0532713590E-011
    1    3.11E+002   -1.6287970972E-011
    1    3.12E+002   -2.2222834684E-011
    1    3.13E+002   -2.6989438462E-011
    1    3.14E+002   -3.0639227266E-011
    1    3.15E+002   -3.2839501951E-011
    1    3.16E+002   -3.4944960120E-011
    1    3.17E+002   -3.6972801556E-011
    1    3.18E+002   -3.8728388552E-011
    1    3.19E+002   -4.0043371397E-011
    1    3.20E+002   -3.9887093628E-011
    1    3.21E+002   -3.8122449642E-011
    1    3.22E+002   -3.6014080607E-011
    1    3.23E+002   -3.3490960005E-011
    1    3.24E+002   -3.0764446546E-011
    1    3.25E+002   -2.6932511776E-011
    1    3.26E+002   -2.2700424873E-011
    1    3.27E+002   -1.8757356779E-011
    1    3.28E+002   -1.4160436712E-011
    1    3.29E+002   -8.1839257593E-012
    1    3.30E+002   -1.3529594112E-012
    1    3.31E+002    5.7367166573E-012
    1    3.32E+002    1.2342224465E-011
    1    3.33E+002    1.8468573892E-011
    1    3.34E+002    2.4579005498E-011
    1    3.35E+002    3.0264547812E-011
    1    3.36E+002    3.5028653589E-011
    1    3.37E+002    3.8459006813E-011
    1    3.38E+002    4.0263278822E-011
    1    3.39E+002    4.0293990367E-011
    1    3.40E+002    3.9717576450E-011
    1    3.41E+002    3.8870504038E-011
    1    3.42E+002    3.7831279776E-011
    1    3.43E+002    3.6689068450E-011
    1    3.44E+002    3.4951527783E-011
    1    3.45E+002    3.1465191563E-011
    1    3.46E+002    2.7127494695E-011
    1    3.47E+002    2.2961972601E-011
    1    3.48E+002    1.9317880628E-011
    1    3.49E+002    1.5536346515E-011
    1    3.50E+002    1.1037282199E-011
    1    3.51E+002    7.5971867686E-012
    1    3.52E+002    4.2659487054E-012
    1    3.53E+002   -4.7953307991E-013
    1    3.54E+002   -6.2413685331E-012
    1    3.55E+002   -1.2528394988E-011
    1    3.56E+002   -1.9124007933E-011
    1    3.57E+002   -2.4582308411E-011
    1    3.58E+002   -2.9029056936E-011
    1    3.59E+002   -3.3423958046E-011
    1    3.60E+002   -3.7380612494E-011
    1    3.61E+002   -4.1200931555E-011
    1    3.62E+002   -4.3627212953E-011
    1    3.63E+002   -4.4439098235E-011
    1    3.64E+002   -4.3744299849E-011
    1    3.65E+002   -4.2452291682E-011
    1    3.66E+002   -4.0662032769E-011
    1    3.67E+002   -3.8511818734E-011
    1    3.68E+002   -3.6203623432E-011
    1    3.69E+002   -3.2359531721E-011
    1    3.70E+002   -2.6911722850E-011
    1    3.71E+002   -2.1425139440E-011
    1    3.72E+002   -1.6360302002E-011
    1    3.73E+002   -1.1551787304E-011
    1    3.74E+002   -5.6751270350E-012
    1    3.75E+002   -9.2983953870E-013
    1    3.76E+002    3.3374414343E-012
    1    3.77E+002    8.7735096965E-012
    1    3.78E+002    1.4907824974E-011
    1    3.79E+002    2.1205315281E-011
    1    3.80E+002    2.7977425932E-011
    1    3.81E+002    3.3649888431E-011
    1    3.82E+002    3.7666064712E-011
    1    3.83E+002    4.1292663733E-011
    1    3.84E+002    4.4198408822E-011
    1    3.85E+002    4.6113404761E-011
    1    3.86E+002    4.6854096991E-011
    1    3.87E+002    4.6340677823E-011
    1    3.88E+002    4.5149415456E-011
    1    3.89E+002    4.3221835833E-011
    1    3.90E+002    4.0709116633E-011
    1    3.91E+002    3.7811045961E-011
    1    3.92E+002    3.3081593021E-011
    1    3.93E+002    2.6964319666E-011
    1    3.94E+002    2.0974805226E-011
    1    3.95E+002    1.4997642017E-011
    1    3.96E+002    9.5403684952E-012
    1    3.97E+002    3.0014324359E-012
    1    3.98E+002   -2.9068691898E-012
    1    3.99E+002   -7.5340844674E-012
    1    4.00E+002   -1.2674167271E-011
    1    4.01E+002   -1.9046708655E-011
    1    4.02E+002   -2.6093016636E-011
    1    4.03E+002   -3.3192670834E-011
    1    4.04E+002   -3.8534425650E-011
    1    4.05E+002   -4.2450556959E-011
    1    4.06E+002   -4.6329315384E-011
    1    4.07E+002   -4.9727728879E-011
    1    4.08E+002   -5.2332133418E-011
    1    4.09E+002   -5.2703300057E-011
    1    4.10E+002   -5.1388331090E-011
    1    4.11E+002   -4.8481010873E-011
    1    4.12E+002   -4.5398379500E-011
    1    4.13E+002   -4.1539188755E-011
    1    4.14E+002   -3.7221059568E-011
    1    4.15E+002   -3.2804842176E-011
    1    4.16E+002   -2.6729729541E-011
    1    4.17E+002   -1.8961804349E-011
    1    4.18E+002   -1.1608769501E-011
    1    4.19E+002   -4.7652992663E-012
    1    4.20E+002    9.7374885932E-013
    1    4.21E+002    7.4178163612E-012
    1    4.22E+002    1.3071238536E-011
    1    4.23E+002    1.6789653001E-011
    1    4.24E+002    2.0674212342E-011
    1    4.25E+002    2.5883170607E-011
    1    4.26E+002    3.1947826329E-011
    1    4.27E+002    3.8327266708E-011
    1    4.28E+002    4.3210147266E-011
    1    4.29E+002    4.5898375378E-011
    1    4.30E+002    4.8151121979E-011
    1    4.31E+002    5.0242865424E-011
    1    4.32E+002    5.1981072224E-011
    1    4.33E+002    5.3209228690E-011
    1    4.34E+002    5.3821044843E-011
    1    4.35E+002    5.3769544373E-011
    1    4.36E+002    5.2883676604E-011
    1    4.37E+002    4.9830597981E-011
    1    4.38E+002    4.4883229078E-011
    1    4.39E+002    3.8474078090E-011
    1    4.40E+002    3.1319304789E-011
    1    4.41E+002    2.3613968420E-011
    1    4.42E+002    1.5267798310E-011
    1    4.43E+002    6.2393935504E-012
    1    4.44E+002   -2.6893123145E-012
    1    4.45E+002   -1.1387123883E-011
    1    4.46E+002   -1.9985381405E-011
    1    4.47E+002   -2.7271601644E-011
    1    4.48E+002   -3.3834657298E-011
    1    4.49E+002   -4.0312697625E-011
    1    4.50E+002   -4.6147349830E-011
    1    4.51E+002   -5.0830027687E-011
    1    4.52E+002   -5.4930410914E-011
    1    4.53E+002   -5.7595475264E-011
    1    4.54E+002   -5.8426275103E-011
    1    4.55E+002   -5.7771117751E-011
    1    4.56E+002   -5.5676581401E-011
    1    4.57E+002   -5.3085938423E-011
    1    4.58E+002   -4.9084764031E-011
    1    4.59E+002   -4.4011017053E-011
    1    4.60E+002   -3.7336869707E-011
    1    4.61E+002   -2.9439548022E-011
    1    4.62E+002   -2.0997467653E-011
    1    4.63E+002   -1.2732981336E-011
    1    4.64E+002   -4.9021342541E-012
    1    4.65E+002    3.7878034043E-012
    1    4.66E+002    1.3275935906E-011
    1    4.67E+002    2.1724677612E-011
    1    4.68E+002    2.8405666708E-011
    1    4.69E+002    3.3876373928E-011
    1    4.70E+002    3.9145631181E-011
    1    4.71E+002    4.1841780041E-011
    1    4.72E+002    4.3252706972E-011
    1    4.73E+002    4.5120573944E-011
    1    4.74E+002    4.7276738080E-011
    1    4.75E+002    4.9522372314E-011
    1    4.76E+002    5.1565154924E-011
    1    4.77E+002    5.1097917564E-011
    1    4.78E+002    4.8530433144E-011
    1    4.79E+002    4.6027275741E-011
    1    4.80E+002    4.3785537696E-011
    1    4.81E+002    4.1978906462E-011
    1    4.82E+002    4.0744380092E-011
    1    4.83E+002    4.0172087878E-011
    1    4.84E+002    3.9005715324E-011
    1    4.85E+002    3.5445701929E-011
    1    4.86E+002    2.9789226641E-011
    1    4.87E+002    2.2515322939E-011
    1    4.88E+002    1.3524320552E-011
    1    4.89E+002    5.1372239795E-012
    1    4.90E+002   -2.4891477768E-012
    1    4.91E+002   -1.0998285616E-011
    1    4.92E+002   -1.9650198135E-011
    1    4.93E+002   -2.9004465496E-011
    1    4.94E+002   -3.6595004804E-011
    1    4.95E+002   -4.3205633515E-011
    1    4.96E+002   -4.9838022598E-011
    1    4.97E+002   -5.5614207684E-011
    1    4.98E+002   -6.0017199544E-011
    1    4.99E+002   -6.2646693388E-011
    1    5.00E+002   -6.2523827478E-011
    1    5.01E+002   -6.1288092656E-011
    1    5.02E+002   -5.9769106331E-011
    1    5.03E+002   -5.6451107677E-011
    1    5.04E+002   -5.1602444540E-011
    1    5.05E+002   -4.4232839613E-011
    1    5.06E+002   -3.5875441506E-011
    1    5.07E+002   -2.7240210088E-011
    1    5.08E+002   -1.9077683877E-011
    1    5.09E+002   -9.8224206546E-012
    1    5.10E+002   -2.6995072844E-013
    1    5.11E+002    8.7536922155E-012
