    1    1.00E+000   -2.4638354861E-001
    1    2.00E+000   -4.7144443109E-001
    1    3.00E+000   -6.5570529966E-001
    1    4.00E+000   -4.2021593769E-001
    1    5.00E+000   -1.4836000742E-001
    1    6.00E+000    1.3633537955E-001
    1    7.00E+000    4.0923195205E-001
    1    8.00E+000    2.1477702130E-001
    1    9.00E+000    1.7347345900E-003
    1    1.00E+001    2.7262986690E-001
    1    1.10E+001    5.1993090916E-001
    1    1.20E+001    7.2223579297E-001
    1    1.30E+001    5.2122188250E-001
    1    1.40E+001    6.9306791419E-001
    1    1.50E+001    8.0493406561E-001
    1    1.60E+001    5.9746167104E-001
    1    1.70E+001    3.3828340644E-001
    1    1.80E+001    4.9829225579E-002
    1    1.90E+001   -2.4293730465E-001
    1    2.00E+001   -1.0782713931E-001
    1    2.10E+001    3.6614664069E-002
    1    2.20E+001   -2.5514705862E-001
    1    2.30E+001   -5.2482769848E-001
    1    2.40E+001   -7.4908839913E-001
    1    2.50E+001   -6.1648395905E-001
    1    2.60E+001   -4.3052741119E-001
    1    2.70E+001   -2.0731191360E-001
    1    2.80E+001   -4.4746268487E-001
    1    2.90E+001   -6.4888888425E-001
    1    3.00E+001   -7.9415857026E-001
    1    3.10E+001   -8.7069973055E-001
    1    3.20E+001   -6.9207046443E-001
    1    3.30E+001   -4.5354763991E-001
    1    3.40E+001   -5.2363961103E-001
    1    3.50E+001   -5.4841446310E-001
    1    3.60E+001   -5.2572811668E-001
    1    3.70E+001   -3.0347542581E-001
    1    3.80E+001   -2.6047750098E-001
    1    3.90E+001   -1.9493718312E-001
    1    4.00E+001    2.9742816477E-002
    1    4.10E+001    2.5184879622E-001
    1    4.20E+001    4.5215913323E-001
    1    4.30E+001    6.1333845563E-001
    1    4.40E+001    6.9618372200E-001
    1    4.50E+001    7.1877945807E-001
    1    4.60E+001    8.7347126113E-001
    1    4.70E+001    9.5257061416E-001
    1    4.80E+001    9.4923205567E-001
    1    4.90E+001    8.6374451309E-001
    1    5.00E+001    7.0350629829E-001
    1    5.10E+001    4.8238483859E-001
    1    5.20E+001    6.3862819757E-001
    1    5.30E+001    7.3960302939E-001
    1    5.40E+001    7.7657071236E-001
    1    5.50E+001    7.4633196807E-001
    1    5.60E+001    5.7602985923E-001
    1    5.70E+001    3.5587664448E-001
    1    5.80E+001    3.2027005729E-001
    1    5.90E+001    2.5694647542E-001
    1    6.00E+001    1.7138608454E-001
    1    6.10E+001   -4.0006946961E-002
    1    6.20E+001   -1.2878550746E-001
    1    6.30E+001   -2.0641863883E-001
    1    6.40E+001   -4.1661155829E-001
    1    6.50E+001   -5.9074984173E-001
    1    6.60E+001   -7.1376311410E-001
    1    6.70E+001   -7.7500549035E-001
    1    6.80E+001   -8.9323002317E-001
    1    6.90E+001   -9.3415213186E-001
    1    7.00E+001   -9.8707077564E-001
    1    7.10E+001   -9.5456577517E-001
    1    7.20E+001   -8.3945019680E-001
    1    7.30E+001   -9.0983974278E-001
    1    7.40E+001   -9.0148941677E-001
    1    7.50E+001   -8.1512187747E-001
    1    7.60E+001   -7.2749611351E-001
    1    7.70E+001   -5.7691096433E-001
    1    7.80E+001   -3.7639845614E-001
    1    7.90E+001   -1.4331145724E-001
    1    8.00E+001   -9.6584427159E-002
    1    8.10E+001   -4.1498732279E-002
    1    8.20E+001    1.9248830683E-001
    1    8.30E+001    4.0981691267E-001
    1    8.40E+001    5.9167890859E-001
    1    8.50E+001    6.5590554763E-001
    1    8.60E+001    8.0720760475E-001
    1    8.70E+001    8.8865183915E-001
    1    8.80E+001    9.4535636185E-001
    1    8.90E+001    9.2024731297E-001
    1    9.00E+001    8.1549769421E-001
    1    9.10E+001    6.4017280705E-001
    1    9.20E+001    7.8484876064E-001
    1    9.30E+001    8.6160188338E-001
    1    9.40E+001    6.7896323499E-001
    1    9.50E+001    4.3756536155E-001
    1    9.60E+001    1.5829945604E-001
    1    9.70E+001   -1.3466609164E-001
    1    9.80E+001   -4.1597728930E-001
    1    9.90E+001   -6.6128874221E-001
    1    1.00E+002   -5.6224776490E-001
    1    1.01E+002   -4.1454841958E-001
    1    1.02E+002   -2.3097298757E-001
    1    1.03E+002   -2.7408559011E-002
    1    1.04E+002   -3.0120432140E-001
    1    1.05E+002   -5.4893308693E-001
    1    1.06E+002   -3.4256182908E-001
    1    1.07E+002   -1.0654438928E-001
    1    1.08E+002    1.3869367607E-001
    1    1.09E+002   -1.1585099397E-001
    1    1.10E+002    1.2882753334E-001
    1    1.11E+002    3.6235699449E-001
    1    1.12E+002    1.0661182077E-001
    1    1.13E+002   -1.5835981419E-001
    1    1.14E+002   -4.0962658343E-001
    1    1.15E+002   -6.2544321434E-001
    1    1.16E+002   -4.0279491867E-001
    1    1.17E+002   -1.4528771452E-001
    1    1.18E+002   -3.5735082500E-001
    1    1.19E+002   -5.3848787576E-001
    1    1.20E+002   -6.7302280044E-001
    1    1.21E+002   -4.2911138007E-001
    1    1.22E+002   -1.4806355694E-001
    1    1.23E+002    1.4579806731E-001
    1    1.24E+002    2.5035906618E-003
    1    1.25E+002   -1.4100755316E-001
    1    1.26E+002   -2.7231554058E-001
    1    1.27E+002   -3.8005664056E-001
    1    1.28E+002   -9.5883879156E-002
    1    1.29E+002    1.9658691982E-001
    1    1.30E+002    8.9739331854E-002
    1    1.31E+002   -2.4874528750E-002
    1    1.32E+002   -1.3733568364E-001
    1    1.33E+002    1.5611954237E-001
    1    1.34E+002    4.3198271469E-002
    1    1.35E+002   -7.3461488972E-002
    1    1.36E+002    2.1959118580E-001
    1    1.37E+002    4.9363987443E-001
    1    1.38E+002    7.2496769839E-001
    1    1.39E+002    8.9355495269E-001
    1    1.40E+002    8.1081400677E-001
    1    1.41E+002    6.5790313081E-001
    1    1.42E+002    8.1893466183E-001
    1    1.43E+002    9.0909348043E-001
    1    1.44E+002    9.2057701051E-001
    1    1.45E+002    8.5239143783E-001
    1    1.46E+002    7.1043771726E-001
    1    1.47E+002    5.0700088898E-001
    1    1.48E+002    4.8370313387E-001
    1    1.49E+002    4.1854446519E-001
    1    1.50E+002    3.1716388175E-001
    1    1.51E+002    1.8833512004E-001
    1    1.52E+002    1.3657176158E-002
    1    1.53E+002   -1.6220269489E-001
    1    1.54E+002   -2.9115872356E-001
    1    1.55E+002   -3.9491712727E-001
    1    1.56E+002   -4.6449838682E-001
    1    1.57E+002   -6.5077055521E-001
    1    1.58E+002   -6.9303298241E-001
    1    1.59E+002   -6.7531855241E-001
    1    1.60E+002   -8.5513256222E-001
    1    1.61E+002   -9.6094120019E-001
    1    1.62E+002   -9.8358751459E-001
    1    1.63E+002   -9.2111163510E-001
    1    1.64E+002   -9.6942506878E-001
    1    1.65E+002   -9.3384196307E-001
    1    1.66E+002   -8.6233231320E-001
    1    1.67E+002   -7.1619420652E-001
    1    1.68E+002   -5.0807481073E-001
    1    1.69E+002   -4.9644836736E-001
    1    1.70E+002   -4.4185800512E-001
    1    1.71E+002   -3.4902811439E-001
    1    1.72E+002   -1.5514901717E-001
    1    1.73E+002    5.2157075139E-002
    1    1.74E+002    2.5494935998E-001
    1    1.75E+002    4.3567767133E-001
    1    1.76E+002    5.3209136120E-001
    1    1.77E+002    5.8245649581E-001
    1    1.78E+002    7.5822641344E-001
    1    1.79E+002    8.6837746664E-001
    1    1.80E+002    9.0337689989E-001
    1    1.81E+002    9.7842834761E-001
    1    1.82E+002    9.6733242203E-001
    1    1.83E+002    8.7252106008E-001
    1    1.84E+002    9.3855823815E-001
    1    1.85E+002    9.2337017175E-001
    1    1.86E+002    8.2827127524E-001
    1    1.87E+002    6.6149165176E-001
    1    1.88E+002    6.3012658582E-001
    1    1.89E+002    5.4422874408E-001
    1    1.90E+002    3.7157716714E-001
    1    1.91E+002    1.6676834625E-001
    1    1.92E+002   -5.2473036363E-002
    1    1.93E+002   -2.6717326741E-001
    1    1.94E+002   -4.5875163657E-001
    1    1.95E+002   -6.1062845892E-001
    1    1.96E+002   -7.0391426921E-001
    1    1.97E+002   -7.3628152776E-001
    1    1.98E+002   -7.0492908875E-001
    1    1.99E+002   -6.1257027289E-001
    1    2.00E+002   -8.1503822021E-001
    1    2.01E+002   -9.4697066319E-001
    1    2.02E+002   -8.4701675993E-001
    1    2.03E+002   -6.7375984724E-001
    1    2.04E+002   -4.4219402406E-001
    1    2.05E+002   -5.9720668216E-001
    1    2.06E+002   -3.4018044080E-001
    1    2.07E+002   -5.3714108951E-002
    1    2.08E+002   -2.0555673145E-001
    1    2.09E+002   -3.3960994559E-001
    1    2.10E+002   -4.4427244137E-001
    1    2.11E+002   -5.1048645714E-001
    1    2.12E+002   -2.4735528792E-001
    1    2.13E+002    3.7182644258E-002
    1    2.14E+002   -2.6726344597E-002
    1    2.15E+002   -8.8322366834E-002
    1    2.16E+002   -1.4227474423E-001
    1    2.17E+002    1.4051713991E-001
    1    2.18E+002    4.1114830927E-001
    1    2.19E+002    6.4619764623E-001
    1    2.20E+002    6.0061767356E-001
    1    2.21E+002    5.0305870227E-001
    1    2.22E+002    3.6196373673E-001
    1    2.23E+002    1.8954349822E-001
    1    2.24E+002    4.5915883298E-001
    1    2.25E+002    6.8903738110E-001
    1    2.26E+002    5.1233838440E-001
    1    2.27E+002    2.9130030586E-001
    1    2.28E+002    4.5052349464E-002
    1    2.29E+002    2.8712739889E-001
    1    2.30E+002    3.2742604352E-002
    1    2.31E+002   -2.2447581940E-001
    1    2.32E+002    1.7294111890E-002
    1    2.33E+002    2.5756736624E-001
    1    2.34E+002    4.7555007810E-001
    1    2.35E+002    6.5237746281E-001
    1    2.36E+002    4.1285692000E-001
    1    2.37E+002    1.3760667721E-001
    1    2.38E+002    3.1058677683E-001
    1    2.39E+002    4.5668789776E-001
    1    2.40E+002    5.6326607315E-001
    1    2.41E+002    6.2109775352E-001
    1    2.42E+002    6.2517803646E-001
    1    2.43E+002    5.7515380380E-001
    1    2.44E+002    3.7920890189E-001
    1    2.45E+002    1.5044628605E-001
    1    2.46E+002   -9.1336338412E-002
    1    2.47E+002   -3.2521448118E-001
    1    2.48E+002   -3.6490130000E-001
    1    2.49E+002   -3.7300862157E-001
    1    2.50E+002   -6.0348636274E-001
    1    2.51E+002   -7.8173684155E-001
    1    2.52E+002   -8.9233380300E-001
    1    2.53E+002   -9.2146410021E-001
    1    2.54E+002   -9.8763156221E-001
    1    2.55E+002   -9.6832684805E-001
    1    2.56E+002   -9.8825371423E-001
    1    2.57E+002   -9.2265456161E-001
    1    2.58E+002   -7.7720650962E-001
    1    2.59E+002   -5.6449700684E-001
    1    2.60E+002   -6.0858941792E-001
    1    2.61E+002   -6.0001293511E-001
    1    2.62E+002   -3.8163217704E-001
    1    2.63E+002   -1.3022398858E-001
    1    2.64E+002    1.3245411886E-001
    1    2.65E+002    1.3326236643E-001
    1    2.66E+002    1.2253774599E-001
    1    2.67E+002    1.0120839376E-001
    1    2.68E+002    3.6776867667E-001
    1    2.69E+002    6.0250131217E-001
    1    2.70E+002    7.8509193413E-001
    1    2.71E+002    8.9973868038E-001
    1    2.72E+002    9.1980819263E-001
    1    2.73E+002    8.6027513759E-001
    1    2.74E+002    9.6635047768E-001
    1    2.75E+002    9.8879536142E-001
    1    2.76E+002    9.2566735081E-001
    1    2.77E+002    8.9580675809E-001
    1    2.78E+002    7.8806121717E-001
    1    2.79E+002    6.1211483115E-001
    1    2.80E+002    5.7491054132E-001
    1    2.81E+002    4.8795201423E-001
    1    2.82E+002    3.5876486453E-001
    1    2.83E+002    1.9852928050E-001
    1    2.84E+002    5.6110886697E-002
    1    2.85E+002   -9.1163487592E-002
    1    2.86E+002   -2.5192195151E-001
    1    2.87E+002   -3.9087844165E-001
    1    2.88E+002   -4.9600730588E-001
    1    2.89E+002   -5.5821042183E-001
    1    2.90E+002   -5.7210457183E-001
    1    2.91E+002   -5.3648732039E-001
    1    2.92E+002   -7.5359730229E-001
    1    2.93E+002   -9.0548903495E-001
    1    2.94E+002   -9.7901741708E-001
    1    2.95E+002   -9.6781911331E-001
    1    2.96E+002   -9.9441951530E-001
    1    2.97E+002   -9.3496029421E-001
    1    2.98E+002   -9.1449530460E-001
    1    2.99E+002   -8.1488753870E-001
    1    3.00E+002   -6.4475730884E-001
    1    3.01E+002   -6.1154423585E-001
    1    3.02E+002   -4.1064053960E-001
    1    3.03E+002   -1.7419895465E-001
    1    3.04E+002   -1.3715925033E-001
    1    3.05E+002   -8.8249431623E-002
    1    3.06E+002   -3.1702280078E-002
    1    3.07E+002    2.7588468342E-002
    1    3.08E+002    2.5796628848E-001
    1    3.09E+002    4.6601904237E-001
    1    3.10E+002    5.2290588326E-001
    1    3.11E+002    5.3453910380E-001
    1    3.12E+002    4.9991193514E-001
    1    3.13E+002    7.2401310645E-001
    1    3.14E+002    8.8545632093E-001
    1    3.15E+002    9.7026986748E-001
    1    3.16E+002    9.6006896923E-001
    1    3.17E+002    8.6678123251E-001
    1    3.18E+002    6.9848001806E-001
    1    3.19E+002    4.6973054594E-001
    1    3.20E+002    6.1410206861E-001
    1    3.21E+002    7.0532761844E-001
    1    3.22E+002    4.7085552034E-001
    1    3.23E+002    1.9563437420E-001
    1    3.24E+002   -9.6517473976E-002
    1    3.25E+002    4.8231250125E-003
    1    3.26E+002   -2.8508264381E-001
    1    3.27E+002   -5.5031662723E-001
    1    3.28E+002   -4.4631943184E-001
    1    3.29E+002   -3.0369660463E-001
    1    3.30E+002   -1.3479109196E-001
    1    3.31E+002    4.5779588562E-002
    1    3.32E+002   -2.4032189227E-001
    1    3.33E+002   -5.0562529830E-001
    1    3.34E+002   -3.2281513289E-001
    1    3.35E+002   -1.1206771540E-001
    1    3.36E+002    1.0837833048E-001
    1    3.37E+002    3.1944503683E-001
    1    3.38E+002    5.0286614789E-001
    1    3.39E+002    6.4276792884E-001
    1    3.40E+002    3.9272370644E-001
    1    3.41E+002    1.0869216417E-001
    1    3.42E+002   -1.8474587761E-001
    1    3.43E+002   -4.6219553587E-001
    1    3.44E+002   -3.1482533604E-001
    1    3.45E+002   -1.4020934172E-001
    1    3.46E+002   -4.1472524069E-001
    1    3.47E+002   -6.5334975041E-001
    1    3.48E+002   -8.3543169193E-001
    1    3.49E+002   -6.7702544232E-001
    1    3.50E+002   -8.2205931289E-001
    1    3.51E+002   -8.9595005569E-001
    1    3.52E+002   -7.2988329130E-001
    1    3.53E+002   -5.0065054918E-001
    1    3.54E+002   -2.2809022057E-001
    1    3.55E+002    6.4209622510E-002
    1    3.56E+002   -4.4081649904E-002
    1    3.57E+002   -1.4855798293E-001
    1    3.58E+002    1.4415264332E-001
    1    3.59E+002    4.2438792898E-001
    1    3.60E+002    6.6789559148E-001
    1    3.61E+002    5.7204777013E-001
    1    3.62E+002    4.2669346311E-001
    1    3.63E+002    2.4441200609E-001
    1    3.64E+002    5.0307716274E-001
    1    3.65E+002    7.1820472751E-001
    1    3.66E+002    8.7117700752E-001
    1    3.67E+002    9.4875538812E-001
    1    3.68E+002    8.1582296913E-001
    1    3.69E+002    6.1228713161E-001
    1    3.70E+002    6.8226311197E-001
    1    3.71E+002    6.9319428743E-001
    1    3.72E+002    6.4413464595E-001
    1    3.73E+002    4.6147357238E-001
    1    3.74E+002    3.8533174073E-001
    1    3.75E+002    2.7584230895E-001
    1    3.76E+002    8.9590448857E-002
    1    3.77E+002   -1.0441479916E-001
    1    3.78E+002   -2.8938372184E-001
    1    3.79E+002   -4.4930863276E-001
    1    3.80E+002   -5.6597257858E-001
    1    3.81E+002   -6.3365580143E-001
    1    3.82E+002   -7.8830659012E-001
    1    3.83E+002   -8.7473529850E-001
    1    3.84E+002   -8.8546216381E-001
    1    3.85E+002   -8.1955885554E-001
    1    3.86E+002   -6.8272881551E-001
    1    3.87E+002   -4.8681366741E-001
    1    3.88E+002   -6.7916599794E-001
    1    3.89E+002   -8.1274155580E-001
    1    3.90E+002   -8.7598036856E-001
    1    3.91E+002   -8.6340958668E-001
    1    3.92E+002   -7.2333925889E-001
    1    3.93E+002   -5.2066929077E-001
    1    3.94E+002   -5.0135793556E-001
    1    3.95E+002   -4.3865777482E-001
    1    3.96E+002   -3.3799504175E-001
    1    3.97E+002   -1.4959131413E-001
    1    3.98E+002   -3.6985013544E-002
    1    3.99E+002    7.8822065264E-002
    1    4.00E+002    2.6757044471E-001
    1    4.01E+002    4.3316258952E-001
    1    4.02E+002    5.6126772948E-001
    1    4.03E+002    6.4079931622E-001
    1    4.04E+002    7.8636971499E-001
    1    4.05E+002    8.6388565562E-001
    1    4.06E+002    9.3608930783E-001
    1    4.07E+002    9.2728138316E-001
    1    4.08E+002    8.3822414207E-001
    1    4.09E+002    9.4401971050E-001
    1    4.10E+002    9.6811738461E-001
    1    4.11E+002    9.0843168968E-001
    1    4.12E+002    8.4839418450E-001
    1    4.13E+002    7.1493446403E-001
    1    4.14E+002    5.1960247580E-001
    1    4.15E+002    2.7930275259E-001
    1    4.16E+002    2.6874139047E-001
    1    4.17E+002    2.3492245705E-001
    1    4.18E+002   -7.8815834990E-003
    1    4.19E+002   -2.5000353154E-001
    1    4.20E+002   -4.7048953080E-001
    1    4.21E+002   -5.0822228292E-001
    1    4.22E+002   -7.0473445582E-001
    1    4.23E+002   -8.4025709592E-001
    1    4.24E+002   -8.7142264707E-001
    1    4.25E+002   -8.2717304053E-001
    1    4.26E+002   -7.1133775108E-001
    1    4.27E+002   -5.3394146267E-001
    1    4.28E+002   -7.2630053433E-001
    1    4.29E+002   -8.5580368927E-001
    1    4.30E+002   -6.7163923232E-001
    1    4.31E+002   -4.2934938835E-001
    1    4.32E+002   -1.4990254377E-001
    1    4.33E+002    1.4251725258E-001
    1    4.34E+002    4.2260323926E-001
    1    4.35E+002    6.6611605443E-001
    1    4.36E+002    5.1550729257E-001
    1    4.37E+002    3.2028520342E-001
    1    4.38E+002    9.7344808802E-002
    1    4.39E+002   -1.3402005600E-001
    1    4.40E+002    1.3150008672E-001
    1    4.41E+002    3.8563987363E-001
    1    4.42E+002    1.5304960047E-001
    1    4.43E+002   -9.2785978851E-002
    1    4.44E+002   -3.3059162086E-001
    1    4.45E+002   -7.5537237191E-002
    1    4.46E+002   -3.0339463643E-001
    1    4.47E+002   -5.0499548333E-001
    1    4.48E+002   -2.4711385950E-001
    1    4.49E+002    3.2153633445E-002
    1    4.50E+002    3.0863846824E-001
    1    4.51E+002    5.5841293599E-001
    1    4.52E+002    3.5902141858E-001
    1    4.53E+002    1.2855926399E-001
    1    4.54E+002    3.7498812292E-001
    1    4.55E+002    5.8896454501E-001
    1    4.56E+002    7.5197046020E-001
    1    4.57E+002    5.3613782769E-001
    1    4.58E+002    2.7390644831E-001
    1    4.59E+002   -1.2029499763E-002
    1    4.60E+002    1.6327013173E-001
    1    4.61E+002    3.2443994599E-001
    1    4.62E+002    4.5753189267E-001
    1    4.63E+002    5.5102785232E-001
    1    4.64E+002    2.8738471105E-001
    1    4.65E+002   -1.1294424303E-003
    1    4.66E+002    8.9688468576E-002
    1    4.67E+002    1.7274450878E-001
    1    4.68E+002    2.4085079479E-001
    1    4.69E+002   -4.3680518908E-002
    1    4.70E+002    1.9596024690E-002
    1    4.71E+002    8.1176677899E-002
    1    4.72E+002   -2.0353724505E-001
    1    4.73E+002   -4.7063653120E-001
    1    4.74E+002   -6.9700572118E-001
    1    4.75E+002   -8.6305424294E-001
    1    4.76E+002   -8.3381180638E-001
    1    4.77E+002   -7.3240915105E-001
    1    4.78E+002   -8.9068764019E-001
    1    4.79E+002   -9.7188372958E-001
    1    4.80E+002   -9.6897050075E-001
    1    4.81E+002   -8.8220007202E-001
    1    4.82E+002   -7.1908177951E-001
    1    4.83E+002   -4.9373229990E-001
    1    4.84E+002   -5.2875635215E-001
    1    4.85E+002   -5.1802046940E-001
    1    4.86E+002   -4.6245376258E-001
    1    4.87E+002   -3.6686511744E-001
    1    4.88E+002   -1.7710968347E-001
    1    4.89E+002    2.7973278140E-002
    1    4.90E+002    1.2521235328E-001
    1    4.91E+002    2.1161522924E-001
    1    4.92E+002    2.7970437887E-001
    1    4.93E+002    4.8989923727E-001
    1    4.94E+002    5.3913672576E-001
    1    4.95E+002    5.4171593503E-001
    1    4.96E+002    7.4688674615E-001
    1    4.97E+002    8.8742005682E-001
    1    4.98E+002    9.5115375281E-001
    1    4.99E+002    9.3257215610E-001
    1    5.00E+002    9.9612746934E-001
    1    5.01E+002    9.7347534875E-001
    1    5.02E+002    9.4561115030E-001
    1    5.03E+002    8.3591133023E-001
    1    5.04E+002    6.5386959319E-001
    1    5.05E+002    6.5825492302E-001
    1    5.06E+002    6.0567317838E-001
    1    5.07E+002    5.0067491874E-001
    1    5.08E+002    3.3781531033E-001
    1    5.09E+002    1.4572029589E-001
    1    5.10E+002   -5.8985727828E-002
    1    5.11E+002   -2.5858697492E-001
