    1    1.00E+000    6.5174576528E-010
    1    2.00E+000    2.1214897590E-008
    1    3.00E+000    1.6243012565E-007
    1    4.00E+000    6.8510456002E-007
    1    5.00E+000    2.0776059263E-006
    1    6.00E+000    5.0992218509E-006
    1    7.00E+000    1.0788140390E-005
    1    8.00E+000    2.0426072233E-005
    1    9.00E+000    3.5456525648E-005
    1    1.00E+001    5.7359243282E-005
    1    1.10E+001    8.7487468295E-005
    1    1.20E+001    1.2687577319E-004
    1    1.30E+001    1.7602355013E-004
    1    1.40E+001    2.3465441201E-004
    1    1.50E+001    3.0144853681E-004
    1    1.60E+001    3.7374871953E-004
    1    1.70E+001    4.4725621229E-004
    1    1.80E+001    5.1576039566E-004
    1    1.90E+001    5.7098189785E-004
    1    2.00E+001    6.0264008128E-004
    1    2.10E+001    5.9886627682E-004
    1    2.20E+001    5.4705778743E-004
    1    2.30E+001    4.3519633840E-004
    1    2.40E+001    2.5354463339E-004
    1    2.50E+001   -3.4903262488E-006
    1    2.60E+001   -3.3564088131E-004
    1    2.70E+001   -7.3556180283E-004
    1    2.80E+001   -1.1884114345E-003
    1    2.90E+001   -1.6723809471E-003
    1    3.00E+001   -2.1601117322E-003
    1    3.10E+001   -2.6207335156E-003
    1    3.20E+001   -3.0221271792E-003
    1    3.30E+001   -3.3330260751E-003
    1    3.40E+001   -3.5247308917E-003
    1    3.50E+001   -3.5724752681E-003
    1    3.60E+001   -3.4567340833E-003
    1    3.70E+001   -3.1648813412E-003
    1    3.80E+001   -2.6934774415E-003
    1    3.90E+001   -2.0510799441E-003
    1    4.00E+001   -1.2609309877E-003
    1    4.10E+001   -3.6239092246E-004
    1    4.20E+001    5.9017909676E-004
    1    4.30E+001    1.5320288927E-003
    1    4.40E+001    2.3961538283E-003
    1    4.50E+001    3.1236963938E-003
    1    4.60E+001    3.6741170462E-003
    1    4.70E+001    4.0319572415E-003
    1    4.80E+001    4.2073434529E-003
    1    4.90E+001    4.2288713244E-003
    1    5.00E+001    4.1298999446E-003
    1    5.10E+001    3.9318894298E-003
    1    5.20E+001    3.6302908791E-003
    1    5.30E+001    3.1887695513E-003
    1    5.40E+001    2.5457545401E-003
    1    5.50E+001    1.6336932767E-003
    1    5.60E+001    4.0691293947E-004
    1    5.70E+001   -1.1298788074E-003
    1    5.80E+001   -2.9021826983E-003
    1    5.90E+001   -4.7637905460E-003
    1    6.00E+001   -6.5163433185E-003
    1    6.10E+001   -7.9479203736E-003
    1    6.20E+001   -8.8817330614E-003
    1    6.30E+001   -9.2216587767E-003
    1    6.40E+001   -8.9808652118E-003
    1    6.50E+001   -8.2836985099E-003
    1    6.60E+001   -7.3384485466E-003
    1    6.70E+001   -6.3873764573E-003
    1    6.80E+001   -5.6476458127E-003
    1    6.90E+001   -5.2599510262E-003
    1    7.00E+001   -5.2593180612E-003
    1    7.10E+001   -5.5753012921E-003
    1    7.20E+001   -6.0591440539E-003
    1    7.30E+001   -6.5271904676E-003
    1    7.40E+001   -6.8064418101E-003
    1    7.50E+001   -6.7710267672E-003
    1    7.60E+001   -6.3655218324E-003
    1    7.70E+001   -5.6176398185E-003
    1    7.80E+001   -4.6437031571E-003
    1    7.90E+001   -3.6441430152E-003
    1    8.00E+001   -2.8779178135E-003
    1    8.10E+001   -2.6037030245E-003
    1    8.20E+001   -2.9892612931E-003
    1    8.30E+001   -4.0155661341E-003
    1    8.40E+001   -5.4234654267E-003
    1    8.50E+001   -6.7484971140E-003
    1    8.60E+001   -7.4565431410E-003
    1    8.70E+001   -7.1438399609E-003
    1    8.80E+001   -5.7270864979E-003
    1    8.90E+001   -3.5410764091E-003
    1    9.00E+001   -1.2786808272E-003
    1    9.10E+001    2.5718297623E-004
    1    9.20E+001    5.5404165986E-004
    1    9.30E+001   -2.0891896857E-004
    1    9.40E+001   -1.0303012515E-003
    1    9.50E+001   -4.7510132773E-004
    1    9.60E+001    2.4556950372E-003
    1    9.70E+001    7.4412718119E-003
    1    9.80E+001    1.2600377847E-002
    1    9.90E+001    1.5229473010E-002
    1    1.00E+002    1.3225570107E-002
    1    1.01E+002    6.4563945309E-003
    1    1.02E+002   -2.7128624290E-003
    1    1.03E+002   -1.0302927416E-002
    1    1.04E+002   -1.2939155627E-002
    1    1.05E+002   -1.0139009908E-002
    1    1.06E+002   -4.6989441875E-003
    1    1.07E+002   -5.1882763666E-004
    1    1.08E+002    3.6276499039E-004
    1    1.09E+002   -8.3236062029E-004
    1    1.10E+002   -5.8603137442E-004
    1    1.11E+002    3.8608389909E-003
    1    1.12E+002    1.0703178958E-002
    1    1.13E+002    1.3091814147E-002
    1    1.14E+002    5.1924201324E-003
    1    1.15E+002   -1.0150577432E-002
    1    1.16E+002   -2.1532859178E-002
    1    1.17E+002   -1.8103776065E-002
    1    1.18E+002    4.8271804669E-004
    1    1.19E+002    2.1405731150E-002
    1    1.20E+002    2.7007095961E-002
    1    1.21E+002    1.0260394455E-002
    1    1.22E+002   -1.6392076804E-002
    1    1.23E+002   -3.0120203546E-002
    1    1.24E+002   -1.8020465168E-002
    1    1.25E+002    1.0365827297E-002
    1    1.26E+002    3.0376400146E-002
    1    1.27E+002    2.3654771196E-002
    1    1.28E+002   -4.7063519371E-003
    1    1.29E+002   -2.9463488583E-002
    1    1.30E+002   -2.7923361982E-002
    1    1.31E+002   -1.1552121523E-003
    1    1.32E+002    2.7009601550E-002
    1    1.33E+002    3.1467841084E-002
    1    1.34E+002    8.1632966891E-003
    1    1.35E+002   -2.2135721962E-002
    1    1.36E+002   -3.2980374348E-002
    1    1.37E+002   -1.6181880039E-002
    1    1.38E+002    1.2688837569E-002
    1    1.39E+002    2.9555869581E-002
    1    1.40E+002    2.2265428132E-002
    1    1.41E+002   -3.5069924703E-004
    1    1.42E+002   -1.8309974302E-002
    1    1.43E+002   -1.9394850916E-002
    1    1.44E+002   -7.7245406930E-003
    1    1.45E+002    3.7919101331E-003
    1    1.46E+002    6.0036694792E-003
    1    1.47E+002    1.2970068414E-004
    1    1.48E+002   -4.7458497921E-003
    1    1.49E+002   -7.4567949767E-004
    1    1.50E+002    1.0865458434E-002
    1    1.51E+002    2.0490157648E-002
    1    1.52E+002    1.8694310089E-002
    1    1.53E+002    3.9634224769E-003
    1    1.54E+002   -1.6404773964E-002
    1    1.55E+002   -3.1452864646E-002
    1    1.56E+002   -3.3289514440E-002
    1    1.57E+002   -2.1367184127E-002
    1    1.58E+002   -2.2768259837E-003
    1    1.59E+002    1.4478467963E-002
    1    1.60E+002    2.1945563736E-002
    1    1.61E+002    1.9057102231E-002
    1    1.62E+002    1.0230011498E-002
    1    1.63E+002    2.1634756215E-003
    1    1.64E+002    1.3105350471E-004
    1    1.65E+002    5.6895072975E-003
    1    1.66E+002    1.6484177927E-002
    1    1.67E+002    2.7737961851E-002
    1    1.68E+002    3.4482740666E-002
    1    1.69E+002    3.3555371075E-002
    1    1.70E+002    2.4655049858E-002
    1    1.71E+002    1.0205738081E-002
    1    1.72E+002   -5.7587401971E-003
    1    1.73E+002   -1.9136946113E-002
    1    1.74E+002   -2.7106660590E-002
    1    1.75E+002   -2.8834340637E-002
    1    1.76E+002   -2.5419095162E-002
    1    1.77E+002   -1.9234985047E-002
    1    1.78E+002   -1.2998649194E-002
    1    1.79E+002   -8.8999434095E-003
    1    1.80E+002   -8.0336373745E-003
    1    1.81E+002   -1.0227603609E-002
    1    1.82E+002   -1.4234589383E-002
    1    1.83E+002   -1.8171627439E-002
    1    1.84E+002   -2.0059413653E-002
    1    1.85E+002   -1.8323961598E-002
    1    1.86E+002   -1.2159084632E-002
    1    1.87E+002   -1.6957572255E-003
    1    1.88E+002    1.2028646693E-002
    1    1.89E+002    2.7269908721E-002
    1    1.90E+002    4.1888812221E-002
    1    1.91E+002    5.3708202382E-002
    1    1.92E+002    6.0851014906E-002
    1    1.93E+002    6.2008110869E-002
    1    1.94E+002    5.6603827484E-002
    1    1.95E+002    4.4847800007E-002
    1    1.96E+002    2.7680089264E-002
    1    1.97E+002    6.6304442811E-003
    1    1.98E+002   -1.6379476003E-002
    1    1.99E+002   -3.9259763878E-002
    1    2.00E+002   -5.9972941270E-002
    1    2.01E+002   -7.6728220446E-002
    1    2.02E+002   -8.8132936699E-002
    1    2.03E+002   -9.3292046001E-002
    1    2.04E+002   -9.1853220642E-002
    1    2.05E+002   -8.4000507446E-002
    1    2.06E+002   -7.0403525370E-002
    1    2.07E+002   -5.2131794657E-002
    1    2.08E+002   -3.0545160510E-002
    1    2.09E+002   -7.1716011188E-003
    1    2.10E+002    1.6416807195E-002
    1    2.11E+002    3.8720176472E-002
    1    2.12E+002    5.8411439273E-002
    1    2.13E+002    7.4415456727E-002
    1    2.14E+002    8.5962964467E-002
    1    2.15E+002    9.2617983713E-002
    1    2.16E+002    9.4279460126E-002
    1    2.17E+002    9.1159745806E-002
    1    2.18E+002    8.3743984312E-002
    1    2.19E+002    7.2735410967E-002
    1    2.20E+002    5.8992009393E-002
    1    2.21E+002    4.3459893156E-002
    1    2.22E+002    2.7108280986E-002
    1    2.23E+002    1.0870114479E-002
    1    2.24E+002   -4.4086426599E-003
    1    2.25E+002   -1.8009054650E-002
    1    2.26E+002   -2.9367659344E-002
    1    2.27E+002   -3.8093231212E-002
    1    2.28E+002   -4.3972467644E-002
    1    2.29E+002   -4.6965683943E-002
    1    2.30E+002   -4.7193893716E-002
    1    2.31E+002   -4.4918793942E-002
    1    2.32E+002   -4.0517217739E-002
    1    2.33E+002   -3.4451612081E-002
    1    2.34E+002   -2.7238080940E-002
    1    2.35E+002   -1.9413528041E-002
    1    2.36E+002   -1.1503439527E-002
    1    2.37E+002   -3.9918491137E-003
    1    2.38E+002    2.7050018752E-003
    1    2.39E+002    8.2598938958E-003
    1    2.40E+002    1.2449525515E-002
    1    2.41E+002    1.5162162618E-002
    1    2.42E+002    1.6397550812E-002
    1    2.43E+002    1.6259121848E-002
    1    2.44E+002    1.4939101800E-002
    1    2.45E+002    1.2697706409E-002
    1    2.46E+002    9.8381234678E-003
    1    2.47E+002    6.6793697647E-003
    1    2.48E+002    3.5293174485E-003
    1    2.49E+002    6.6017659384E-004
    1    2.50E+002   -1.7115131227E-003
    1    2.51E+002   -3.4387715826E-003
    1    2.52E+002   -4.4509468302E-003
    1    2.53E+002   -4.7530716407E-003
    1    2.54E+002   -4.4182496462E-003
    1    2.55E+002   -3.5741871252E-003
    1    2.56E+002   -2.3855276185E-003
