    1    1.00E+000   -4.8731824375E-007
    1    2.00E+000   -1.9070992004E-006
    1    3.00E+000   -4.1364713735E-006
    1    4.00E+000   -6.2645194948E-006
    1    5.00E+000   -7.3890971394E-006
    1    6.00E+000   -7.4128804641E-006
    1    7.00E+000   -6.3338111983E-006
    1    8.00E+000   -5.0995934106E-006
    1    9.00E+000   -4.6713581230E-006
    1    1.00E+001   -4.1286965789E-006
    1    1.10E+001   -2.5611027630E-006
    1    1.20E+001   -1.0424027563E-007
    1    1.30E+001    2.3551756083E-006
    1    1.40E+001    4.7569007918E-006
    1    1.50E+001    7.7197759560E-006
    1    1.60E+001    1.0493552997E-005
    1    1.70E+001    1.2344348846E-005
    1    1.80E+001    1.3111990866E-005
    1    1.90E+001    1.2730045341E-005
    1    2.00E+001    1.2036273702E-005
    1    2.10E+001    1.1895423620E-005
    1    2.20E+001    1.1463191723E-005
    1    2.30E+001    9.9204915724E-006
    1    2.40E+001    7.4008324046E-006
    1    2.50E+001    4.6998877209E-006
    1    2.60E+001    2.6290199407E-006
    1    2.70E+001    1.3674472923E-006
    1    2.80E+001    7.2378631291E-008
    1    2.90E+001   -2.0960783594E-006
    1    3.00E+001   -4.9502598368E-006
    1    3.10E+001   -8.2431575967E-006
    1    3.20E+001   -1.1334136852E-005
    1    3.30E+001   -1.3600037357E-005
    1    3.40E+001   -1.5532801048E-005
    1    3.50E+001   -1.7653200382E-005
    1    3.60E+001   -1.9777730552E-005
    1    3.70E+001   -2.1417799546E-005
    1    3.80E+001   -2.2533233402E-005
    1    3.90E+001   -2.3433991147E-005
    1    4.00E+001   -2.3760726566E-005
    1    4.10E+001   -2.3203770804E-005
    1    4.20E+001   -2.1811324242E-005
    1    4.30E+001   -1.9703892782E-005
    1    4.40E+001   -1.7113808812E-005
    1    4.50E+001   -1.4315174713E-005
    1    4.60E+001   -1.1165886301E-005
    1    4.70E+001   -7.5541859091E-006
    1    4.80E+001   -3.7926393744E-006
    1    4.90E+001   -2.0678060724E-007
    1    5.00E+001    2.8930609535E-006
    1    5.10E+001    5.2386170471E-006
    1    5.20E+001    7.4558517277E-006
    1    5.30E+001    1.0181834312E-005
    1    5.40E+001    1.3180651252E-005
    1    5.50E+001    1.6192777211E-005
    1    5.60E+001    1.8808256449E-005
    1    5.70E+001    2.0651460056E-005
    1    5.80E+001    2.1988800226E-005
    1    5.90E+001    2.3130467868E-005
    1    6.00E+001    2.3977660122E-005
    1    6.10E+001    2.4237512703E-005
    1    6.20E+001    2.3903660446E-005
    1    6.30E+001    2.3240665015E-005
    1    6.40E+001    2.2008382812E-005
    1    6.50E+001    2.0015937790E-005
    1    6.60E+001    1.7435761271E-005
    1    6.70E+001    1.4491148374E-005
    1    6.80E+001    1.1191570640E-005
    1    6.90E+001    7.5772191691E-006
    1    7.00E+001    3.7772615373E-006
    1    7.10E+001   -6.3071835528E-008
    1    7.20E+001   -3.6114286125E-006
    1    7.30E+001   -7.0713224001E-006
    1    7.40E+001   -1.0653922629E-005
    1    7.50E+001   -1.4049181868E-005
    1    7.60E+001   -1.7100302367E-005
    1    7.70E+001   -1.9680269015E-005
    1    7.80E+001   -2.1565804853E-005
    1    7.90E+001   -2.2593730751E-005
    1    8.00E+001   -2.3068216715E-005
    1    8.10E+001   -2.3341328878E-005
    1    8.20E+001   -2.3042688484E-005
    1    8.30E+001   -2.1851397705E-005
    1    8.40E+001   -1.9870553901E-005
    1    8.50E+001   -1.7402975165E-005
    1    8.60E+001   -1.4509105550E-005
    1    8.70E+001   -1.1154890631E-005
    1    8.80E+001   -7.5274334570E-006
    1    8.90E+001   -3.8374841710E-006
    1    9.00E+001   -4.0438048149E-007
    1    9.10E+001    2.4747679818E-006
    1    9.20E+001    5.2932962778E-006
    1    9.30E+001    8.5497856971E-006
    1    9.40E+001    1.1596845646E-005
    1    9.50E+001    1.3805210087E-005
    1    9.60E+001    1.4983761475E-005
    1    9.70E+001    1.5030504940E-005
    1    9.80E+001    1.3941395182E-005
    1    9.90E+001    1.1810686566E-005
    1    1.00E+002    9.3906717701E-006
    1    1.01E+002    7.4586807686E-006
    1    1.02E+002    6.1819130287E-006
    1    1.03E+002    5.6708633138E-006
    1    1.04E+002    5.0209041571E-006
    1    1.05E+002    3.3394296706E-006
    1    1.06E+002    1.5761548858E-006
    1    1.07E+002    6.8787404346E-007
    1    1.08E+002    7.5146125270E-007
    1    1.09E+002    7.9664120815E-007
    1    1.10E+002    8.2230721900E-007
    1    1.11E+002    1.7938136868E-006
    1    1.12E+002    2.7213801937E-006
    1    1.13E+002    2.6190289978E-006
    1    1.14E+002    1.4956178313E-006
    1    1.15E+002   -5.5163041970E-007
    1    1.16E+002   -2.5853663024E-006
    1    1.17E+002   -3.6694097497E-006
    1    1.18E+002   -4.6635699236E-006
    1    1.19E+002   -6.4354347238E-006
    1    1.20E+002   -8.8316624200E-006
    1    1.21E+002   -1.1011555996E-005
    1    1.22E+002   -1.2153140534E-005
    1    1.23E+002   -1.2157620362E-005
    1    1.24E+002   -1.1864295770E-005
    1    1.25E+002   -1.2138239822E-005
    1    1.26E+002   -1.2955744702E-005
    1    1.27E+002   -1.4246061443E-005
    1    1.28E+002   -1.5187416835E-005
    1    1.29E+002   -1.4988237668E-005
    1    1.30E+002   -1.4421917332E-005
    1    1.31E+002   -1.4293622575E-005
    1    1.32E+002   -1.4614456365E-005
    1    1.33E+002   -1.4577304887E-005
    1    1.34E+002   -1.4183078180E-005
    1    1.35E+002   -1.4242936534E-005
    1    1.36E+002   -1.3953910112E-005
    1    1.37E+002   -1.2543222456E-005
    1    1.38E+002   -1.0132958097E-005
    1    1.39E+002   -6.9317075035E-006
    1    1.40E+002   -3.5606627581E-006
    1    1.41E+002   -6.5571038321E-007
    1    1.42E+002    2.2653037931E-006
    1    1.43E+002    5.6831439292E-006
    1    1.44E+002    9.3020213584E-006
    1    1.45E+002    1.2808749129E-005
    1    1.46E+002    1.5899846008E-005
    1    1.47E+002    1.8307800527E-005
    1    1.48E+002    2.0267300264E-005
    1    1.49E+002    2.2051843223E-005
    1    1.50E+002    2.3506990455E-005
    1    1.51E+002    2.4506809763E-005
    1    1.52E+002    2.4906327758E-005
    1    1.53E+002    2.4612522690E-005
    1    1.54E+002    2.3715826846E-005
    1    1.55E+002    2.2358848213E-005
    1    1.56E+002    2.0659023199E-005
    1    1.57E+002    1.8453149483E-005
    1    1.58E+002    1.5795260571E-005
    1    1.59E+002    1.3088818052E-005
    1    1.60E+002    1.0061761159E-005
    1    1.61E+002    6.4697759354E-006
    1    1.62E+002    2.6237220402E-006
    1    1.63E+002   -1.1435531094E-006
    1    1.64E+002   -4.8828165919E-006
    1    1.65E+002   -8.6472597119E-006
    1    1.66E+002   -1.2199885735E-005
    1    1.67E+002   -1.5322029097E-005
    1    1.68E+002   -1.7743491462E-005
    1    1.69E+002   -1.9730321902E-005
    1    1.70E+002   -2.1586183681E-005
    1    1.71E+002   -2.3150465766E-005
    1    1.72E+002   -2.4147670571E-005
    1    1.73E+002   -2.4351376812E-005
    1    1.74E+002   -2.3743955207E-005
    1    1.75E+002   -2.2377973562E-005
    1    1.76E+002   -2.0463837021E-005
    1    1.77E+002   -1.8259389484E-005
    1    1.78E+002   -1.5607672965E-005
    1    1.79E+002   -1.2390437259E-005
    1    1.80E+002   -8.8861101991E-006
    1    1.81E+002   -5.1641153019E-006
    1    1.82E+002   -1.3156239027E-006
    1    1.83E+002    2.3233953992E-006
    1    1.84E+002    5.9055024857E-006
    1    1.85E+002    9.5881825440E-006
    1    1.86E+002    1.3052726950E-005
    1    1.87E+002    1.5999305102E-005
    1    1.88E+002    1.8553975653E-005
    1    1.89E+002    2.0876713972E-005
    1    1.90E+002    2.2688071168E-005
    1    1.91E+002    2.3752854563E-005
    1    1.92E+002    2.3978915046E-005
    1    1.93E+002    2.3346688749E-005
    1    1.94E+002    2.1910890156E-005
    1    1.95E+002    1.9795776968E-005
    1    1.96E+002    1.7195760497E-005
    1    1.97E+002    1.4347216828E-005
    1    1.98E+002    1.1496666257E-005
    1    1.99E+002    8.8908027665E-006
    1    2.00E+002    6.0671564970E-006
    1    2.01E+002    2.5821050626E-006
    1    2.02E+002   -9.6619577761E-007
    1    2.03E+002   -3.9741164891E-006
    1    2.04E+002   -6.1813438717E-006
    1    2.05E+002   -8.2371574306E-006
    1    2.06E+002   -1.0091199415E-005
    1    2.07E+002   -1.0870275260E-005
    1    2.08E+002   -1.1383080541E-005
    1    2.09E+002   -1.2461354574E-005
    1    2.10E+002   -1.4011780756E-005
    1    2.11E+002   -1.5900181229E-005
    1    2.12E+002   -1.7399102157E-005
    1    2.13E+002   -1.7814796247E-005
    1    2.14E+002   -1.7794111743E-005
    1    2.15E+002   -1.8021662233E-005
    1    2.16E+002   -1.8477754927E-005
    1    2.17E+002   -1.8481229699E-005
    1    2.18E+002   -1.7390097120E-005
    1    2.19E+002   -1.5298786588E-005
    1    2.20E+002   -1.2832727871E-005
    1    2.21E+002   -1.0649782431E-005
    1    2.22E+002   -8.9388679972E-006
    1    2.23E+002   -7.8480515201E-006
    1    2.24E+002   -6.5649948129E-006
    1    2.25E+002   -4.2939966332E-006
    1    2.26E+002   -1.9178158170E-006
    1    2.27E+002   -3.2831399928E-007
    1    2.28E+002    3.3694923045E-007
    1    2.29E+002    9.9395872454E-007
    1    2.30E+002    1.6266208473E-006
    1    2.31E+002    1.2473905904E-006
    1    2.32E+002    8.3760507875E-007
    1    2.33E+002    1.3812457717E-006
    1    2.34E+002    2.8312646109E-006
    1    2.35E+002    5.0621732456E-006
    1    2.36E+002    7.1690824788E-006
    1    2.37E+002    8.2578343210E-006
    1    2.38E+002    9.1443081363E-006
    1    2.39E+002    1.0661888969E-005
    1    2.40E+002    1.2679241480E-005
    1    2.41E+002    1.5021778803E-005
    1    2.42E+002    1.7486771738E-005
    1    2.43E+002    1.9860893455E-005
    1    2.44E+002    2.1748516963E-005
    1    2.45E+002    2.2796118076E-005
    1    2.46E+002    2.2913034695E-005
    1    2.47E+002    2.2089148543E-005
    1    2.48E+002    2.0724182421E-005
    1    2.49E+002    1.9264685607E-005
    1    2.50E+002    1.7333294856E-005
    1    2.51E+002    1.4593485822E-005
    1    2.52E+002    1.1282368612E-005
    1    2.53E+002    7.6948865657E-006
    1    2.54E+002    3.9189160766E-006
    1    2.55E+002    5.0255043056E-008
    1    2.56E+002   -3.8196370226E-006
    1    2.57E+002   -7.5991940435E-006
    1    2.58E+002   -1.0961323407E-005
    1    2.59E+002   -1.3615057762E-005
    1    2.60E+002   -1.5935287376E-005
    1    2.61E+002   -1.8325764905E-005
    1    2.62E+002   -2.0267347600E-005
    1    2.63E+002   -2.1279741193E-005
    1    2.64E+002   -2.1275330509E-005
    1    2.65E+002   -2.0749774516E-005
    1    2.66E+002   -2.0243833474E-005
    1    2.67E+002   -1.9801292846E-005
    1    2.68E+002   -1.8873713929E-005
    1    2.69E+002   -1.6954634452E-005
    1    2.70E+002   -1.4210136461E-005
    1    2.71E+002   -1.0877735845E-005
    1    2.72E+002   -7.2788819725E-006
    1    2.73E+002   -3.7580838026E-006
    1    2.74E+002   -1.4523031254E-007
    1    2.75E+002    3.7218228575E-006
    1    2.76E+002    7.5084110086E-006
    1    2.77E+002    1.1111078506E-005
    1    2.78E+002    1.4441576977E-005
    1    2.79E+002    1.7210966862E-005
    1    2.80E+002    1.9558769226E-005
    1    2.81E+002    2.1660990362E-005
    1    2.82E+002    2.3335698615E-005
    1    2.83E+002    2.4437960393E-005
    1    2.84E+002    2.4941607297E-005
    1    2.85E+002    2.4872276644E-005
    1    2.86E+002    2.4193692435E-005
    1    2.87E+002    2.2922304998E-005
    1    2.88E+002    2.1168143442E-005
    1    2.89E+002    1.9083017393E-005
    1    2.90E+002    1.6847378999E-005
    1    2.91E+002    1.4654706142E-005
    1    2.92E+002    1.2103061980E-005
    1    2.93E+002    8.8215759836E-006
    1    2.94E+002    5.0942364046E-006
    1    2.95E+002    1.2436168160E-006
    1    2.96E+002   -2.6374655270E-006
    1    2.97E+002   -6.4535570732E-006
    1    2.98E+002   -1.0111566885E-005
    1    2.99E+002   -1.3532084795E-005
    1    3.00E+002   -1.6419090366E-005
    1    3.01E+002   -1.8903905549E-005
    1    3.02E+002   -2.0925664076E-005
    1    3.03E+002   -2.2082402927E-005
    1    3.04E+002   -2.2698226898E-005
    1    3.05E+002   -2.3144052966E-005
    1    3.06E+002   -2.3381298213E-005
    1    3.07E+002   -2.3389430849E-005
    1    3.08E+002   -2.2824632629E-005
    1    3.09E+002   -2.1392668176E-005
    1    3.10E+002   -1.9436684132E-005
    1    3.11E+002   -1.7345177178E-005
    1    3.12E+002   -1.5299151735E-005
    1    3.13E+002   -1.2878369196E-005
    1    3.14E+002   -9.6950233563E-006
    1    3.15E+002   -6.0246091209E-006
    1    3.16E+002   -2.2066203508E-006
    1    3.17E+002    1.4066775700E-006
    1    3.18E+002    4.5025805144E-006
    1    3.19E+002    6.8131610512E-006
    1    3.20E+002    8.9568511758E-006
    1    3.21E+002    1.1566526040E-005
    1    3.22E+002    1.3892875466E-005
    1    3.23E+002    1.5211108951E-005
    1    3.24E+002    1.5407143156E-005
    1    3.25E+002    1.5225774883E-005
    1    3.26E+002    1.4671446805E-005
    1    3.27E+002    1.3019116367E-005
    1    3.28E+002    1.1047878869E-005
    1    3.29E+002    9.5644286622E-006
    1    3.30E+002    8.6971473521E-006
    1    3.31E+002    8.5210917064E-006
    1    3.32E+002    8.1363094880E-006
    1    3.33E+002    6.6609121712E-006
    1    3.34E+002    5.0223539291E-006
    1    3.35E+002    4.1622093260E-006
    1    3.36E+002    4.1549175004E-006
    1    3.37E+002    5.0011095113E-006
    1    3.38E+002    6.6275537237E-006
    1    3.39E+002    8.8934934616E-006
    1    3.40E+002    1.0941584623E-005
    1    3.41E+002    1.1933336302E-005
    1    3.42E+002    1.1782919763E-005
    1    3.43E+002    1.0503352439E-005
    1    3.44E+002    8.9665025772E-006
    1    3.45E+002    8.0665043309E-006
    1    3.46E+002    6.9689148270E-006
    1    3.47E+002    4.8563912394E-006
    1    3.48E+002    1.9117567871E-006
    1    3.49E+002   -1.0797066715E-006
    1    3.50E+002   -4.0447223969E-006
    1    3.51E+002   -7.4427481421E-006
    1    3.52E+002   -1.0658461670E-005
    1    3.53E+002   -1.3092318490E-005
    1    3.54E+002   -1.4533686350E-005
    1    3.55E+002   -1.4857825540E-005
    1    3.56E+002   -1.4818018076E-005
    1    3.57E+002   -1.5199042886E-005
    1    3.58E+002   -1.5207762861E-005
    1    3.59E+002   -1.4083261078E-005
    1    3.60E+002   -1.1922854785E-005
    1    3.61E+002   -9.4703948016E-006
    1    3.62E+002   -7.4950070701E-006
    1    3.63E+002   -6.1676467548E-006
    1    3.64E+002   -4.6892082596E-006
    1    3.65E+002   -2.2736606537E-006
    1    3.66E+002    8.6994838546E-007
    1    3.67E+002    4.4695628763E-006
    1    3.68E+002    7.9596941331E-006
    1    3.69E+002    1.0784328382E-005
    1    3.70E+002    1.3344797397E-005
    1    3.71E+002    1.6065294541E-005
    1    3.72E+002    1.8710381024E-005
    1    3.73E+002    2.0897151416E-005
    1    3.74E+002    2.2572040156E-005
    1    3.75E+002    2.3879774133E-005
    1    3.76E+002    2.4602566288E-005
    1    3.77E+002    2.4573251893E-005
    1    3.78E+002    2.3794367857E-005
    1    3.79E+002    2.2333320770E-005
    1    3.80E+002    2.0325212600E-005
    1    3.81E+002    1.7952489448E-005
    1    3.82E+002    1.5140014955E-005
    1    3.83E+002    1.1850709918E-005
    1    3.84E+002    8.3692392164E-006
    1    3.85E+002    4.9968982401E-006
    1    3.86E+002    2.0255380172E-006
    1    3.87E+002   -2.8769232393E-007
    1    3.88E+002   -2.5938756646E-006
    1    3.89E+002   -5.5447047202E-006
    1    3.90E+002   -8.8848071243E-006
    1    3.91E+002   -1.2325121787E-005
    1    3.92E+002   -1.5463529071E-005
    1    3.93E+002   -1.7924037233E-005
    1    3.94E+002   -1.9945490986E-005
    1    3.95E+002   -2.1804731888E-005
    1    3.96E+002   -2.3340856412E-005
    1    3.97E+002   -2.4305239908E-005
    1    3.98E+002   -2.4674259519E-005
    1    3.99E+002   -2.4591501133E-005
    1    4.00E+002   -2.3906366780E-005
    1    4.01E+002   -2.2520389697E-005
    1    4.02E+002   -2.0553515943E-005
    1    4.03E+002   -1.8175963876E-005
    1    4.04E+002   -1.5353186353E-005
    1    4.05E+002   -1.2089167126E-005
    1    4.06E+002   -8.5290202520E-006
    1    4.07E+002   -4.8434874959E-006
    1    4.08E+002   -1.3515243889E-006
    1    4.09E+002    2.1735446511E-006
    1    4.10E+002    5.9555301938E-006
    1    4.11E+002    9.6671295292E-006
    1    4.12E+002    1.3141929765E-005
    1    4.13E+002    1.6234011148E-005
    1    4.14E+002    1.8675776952E-005
    1    4.15E+002    2.0255910441E-005
    1    4.16E+002    2.1339869508E-005
    1    4.17E+002    2.2336052308E-005
    1    4.18E+002    2.2785107050E-005
    1    4.19E+002    2.2275031751E-005
    1    4.20E+002    2.0849969600E-005
    1    4.21E+002    1.8914181383E-005
    1    4.22E+002    1.6515084797E-005
    1    4.23E+002    1.3459261145E-005
    1    4.24E+002    1.0073748969E-005
    1    4.25E+002    6.7141189402E-006
    1    4.26E+002    3.6711221090E-006
    1    4.27E+002    1.2081072733E-006
    1    4.28E+002   -1.2845004351E-006
    1    4.29E+002   -4.4137148775E-006
    1    4.30E+002   -7.4348140385E-006
    1    4.31E+002   -9.6124324356E-006
    1    4.32E+002   -1.0758113349E-005
    1    4.33E+002   -1.0772706593E-005
    1    4.34E+002   -9.6549492317E-006
    1    4.35E+002   -7.5015748735E-006
    1    4.36E+002   -5.1644471685E-006
    1    4.37E+002   -3.5113322253E-006
    1    4.38E+002   -2.6852948493E-006
    1    4.39E+002   -2.7578224360E-006
    1    4.40E+002   -2.7627962799E-006
    1    4.41E+002   -1.7399439402E-006
    1    4.42E+002   -6.7447111522E-007
    1    4.43E+002   -5.5527199423E-007
    1    4.44E+002   -1.3926623762E-006
    1    4.45E+002   -2.1959391047E-006
    1    4.46E+002   -2.9454257077E-006
    1    4.47E+002   -4.5443340930E-006
    1    4.48E+002   -6.0319277874E-006
    1    4.49E+002   -6.4571037714E-006
    1    4.50E+002   -5.7830662052E-006
    1    4.51E+002   -4.0681480092E-006
    1    4.52E+002   -2.2535794589E-006
    1    4.53E+002   -1.2892148658E-006
    1    4.54E+002   -2.9327071234E-007
    1    4.55E+002    1.6133035717E-006
    1    4.56E+002    4.2655081740E-006
    1    4.57E+002    6.8132278469E-006
    1    4.58E+002    8.4153896853E-006
    1    4.59E+002    8.9333384467E-006
    1    4.60E+002    9.2324624178E-006
    1    4.61E+002    1.0197087578E-005
    1    4.62E+002    1.1743732812E-005
    1    4.63E+002    1.3738547491E-005
    1    4.64E+002    1.5396832532E-005
    1    4.65E+002    1.5963012941E-005
    1    4.66E+002    1.6138174798E-005
    1    4.67E+002    1.6657243985E-005
    1    4.68E+002    1.7475298951E-005
    1    4.69E+002    1.7865291570E-005
    1    4.70E+002    1.7817668870E-005
    1    4.71E+002    1.8017001819E-005
    1    4.72E+002    1.7775003284E-005
    1    4.73E+002    1.6441580072E-005
    1    4.74E+002    1.4132130033E-005
    1    4.75E+002    1.1046518877E-005
    1    4.76E+002    7.6903201310E-006
    1    4.77E+002    4.5925247250E-006
    1    4.78E+002    1.3822341725E-006
    1    4.79E+002   -2.3017144484E-006
    1    4.80E+002   -6.1405027861E-006
    1    4.81E+002   -9.8019122614E-006
    1    4.82E+002   -1.2969075114E-005
    1    4.83E+002   -1.5367896950E-005
    1    4.84E+002   -1.7390277880E-005
    1    4.85E+002   -1.9460696148E-005
    1    4.86E+002   -2.1399972396E-005
    1    4.87E+002   -2.3040276626E-005
    1    4.88E+002   -2.4116202735E-005
    1    4.89E+002   -2.4411187421E-005
    1    4.90E+002   -2.4108213154E-005
    1    4.91E+002   -2.3442011249E-005
    1    4.92E+002   -2.2470236486E-005
    1    4.93E+002   -2.0948046825E-005
    1    4.94E+002   -1.8912728729E-005
    1    4.95E+002   -1.6774917959E-005
    1    4.96E+002   -1.4226200691E-005
    1    4.97E+002   -1.0993724072E-005
    1    4.98E+002   -7.3572349996E-006
    1    4.99E+002   -3.6314446521E-006
    1    5.00E+002    1.8329895328E-007
    1    5.01E+002    4.0789496320E-006
    1    5.02E+002    7.8746852970E-006
    1    5.03E+002    1.1398330687E-005
    1    5.04E+002    1.4344940405E-005
    1    5.05E+002    1.6940166655E-005
    1    5.06E+002    1.9440071345E-005
    1    5.07E+002    2.1628306349E-005
    1    5.08E+002    2.3286749840E-005
    1    5.09E+002    2.4243129436E-005
    1    5.10E+002    2.4414677526E-005
    1    5.11E+002    2.3786547836E-005
