    1    1.00E+000   -4.1479524986E-011
    1    2.00E+000   -8.2162991544E-011
    1    3.00E+000   -1.2214399429E-010
    1    4.00E+000   -4.9654601035E-011
    1    5.00E+000    7.9819874116E-011
    1    6.00E+000    2.5944036021E-010
    1    7.00E+000    4.7753372981E-010
    1    8.00E+000    5.8461806720E-010
    1    9.00E+000    6.0017076076E-010
    1    1.00E+001    6.8399967158E-010
    1    1.10E+001    8.3001305808E-010
    1    1.20E+001    1.0298597565E-009
    1    1.30E+001    1.0922217863E-009
    1    1.40E+001    1.1914585868E-009
    1    1.50E+001    1.3541564333E-009
    1    1.60E+001    1.3673456231E-009
    1    1.70E+001    1.1846495117E-009
    1    1.80E+001    8.1480443313E-010
    1    1.90E+001    2.8387012790E-010
    1    2.00E+001   -1.6086114223E-010
    1    2.10E+001   -4.3738998408E-010
    1    2.20E+001   -7.8816101808E-010
    1    2.30E+001   -1.2910405714E-009
    1    2.40E+001   -1.9086633542E-009
    1    2.50E+001   -2.3657613558E-009
    1    2.60E+001   -2.5560576894E-009
    1    2.70E+001   -2.4582730023E-009
    1    2.80E+001   -2.3753629288E-009
    1    2.90E+001   -2.4497969421E-009
    1    3.00E+001   -2.6801923689E-009
    1    3.10E+001   -3.0538311114E-009
    1    3.20E+001   -3.2331081343E-009
    1    3.30E+001   -3.0484228714E-009
    1    3.40E+001   -2.8559895174E-009
    1    3.50E+001   -2.8594514313E-009
    1    3.60E+001   -3.0670624266E-009
    1    3.70E+001   -3.0930147663E-009
    1    3.80E+001   -3.1173043673E-009
    1    3.90E+001   -3.3774492166E-009
    1    4.00E+001   -3.4609509194E-009
    1    4.10E+001   -3.1180851442E-009
    1    4.20E+001   -2.3641165774E-009
    1    4.30E+001   -1.2490487266E-009
    1    4.40E+001   -2.1455492470E-010
    1    4.50E+001    4.4904079612E-010
    1    4.60E+001    1.1598610916E-009
    1    4.70E+001    2.1854958187E-009
    1    4.80E+001    3.4537711867E-009
    1    4.90E+001    4.8746883064E-009
    1    5.00E+001    6.3482008043E-009
    1    5.10E+001    7.7725882782E-009
    1    5.20E+001    8.8960840615E-009
    1    5.30E+001    9.6197943728E-009
    1    5.40E+001    9.8543345054E-009
    1    5.50E+001    9.5551179078E-009
    1    5.60E+001    9.0816629344E-009
    1    5.70E+001    8.6725984341E-009
    1    5.80E+001    7.9474708637E-009
    1    5.90E+001    6.6874355844E-009
    1    6.00E+001    4.9783595307E-009
    1    6.10E+001    3.2296375078E-009
    1    6.20E+001    1.3143660193E-009
    1    6.30E+001   -8.4931833111E-010
    1    6.40E+001   -2.8949656718E-009
    1    6.50E+001   -4.6025988187E-009
    1    6.60E+001   -5.8062970305E-009
    1    6.70E+001   -6.3857195703E-009
    1    6.80E+001   -6.8654725560E-009
    1    6.90E+001   -7.6352335301E-009
    1    7.00E+001   -8.0932850962E-009
    1    7.10E+001   -7.8057847761E-009
    1    7.20E+001   -6.7831637896E-009
    1    7.30E+001   -5.6473375220E-009
    1    7.40E+001   -4.8815163864E-009
    1    7.50E+001   -4.5657701406E-009
    1    7.60E+001   -4.0183158711E-009
    1    7.70E+001   -2.7188322585E-009
    1    7.80E+001   -7.6343381159E-010
    1    7.90E+001    1.6930783251E-009
    1    8.00E+001    4.0277840236E-009
    1    8.10E+001    5.7768396666E-009
    1    8.20E+001    7.4720695957E-009
    1    8.30E+001    9.5017085296E-009
    1    8.40E+001    1.1704344384E-008
    1    8.50E+001    1.3510347906E-008
    1    8.60E+001    1.5046552550E-008
    1    8.70E+001    1.6538732800E-008
    1    8.80E+001    1.7503261579E-008
    1    8.90E+001    1.7644489309E-008
    1    9.00E+001    1.6936963436E-008
    1    9.10E+001    1.5431750685E-008
    1    9.20E+001    1.3608001341E-008
    1    9.30E+001    1.1818752819E-008
    1    9.40E+001    9.6208427311E-009
    1    9.50E+001    6.7578219162E-009
    1    9.60E+001    3.4688103143E-009
    1    9.70E+001    3.1252030603E-011
    1    9.80E+001   -3.2640258118E-009
    1    9.90E+001   -6.1389580623E-009
    1    1.00E+002   -8.7530749118E-009
    1    1.01E+002   -1.1443095511E-008
    1    1.02E+002   -1.3971247662E-008
    1    1.03E+002   -1.6115148821E-008
    1    1.04E+002   -1.7946336869E-008
    1    1.05E+002   -1.9403675039E-008
    1    1.06E+002   -2.0280775402E-008
    1    1.07E+002   -2.0580307630E-008
    1    1.08E+002   -2.0273339613E-008
    1    1.09E+002   -1.9558117688E-008
    1    1.10E+002   -1.8276360041E-008
    1    1.11E+002   -1.6471074209E-008
    1    1.12E+002   -1.4359576269E-008
    1    1.13E+002   -1.2025486516E-008
    1    1.14E+002   -9.6737774843E-009
    1    1.15E+002   -7.5114741231E-009
    1    1.16E+002   -5.0570714733E-009
    1    1.17E+002   -2.0125839147E-009
    1    1.18E+002    1.0037322004E-009
    1    1.19E+002    3.5354963086E-009
    1    1.20E+002    5.3593255027E-009
    1    1.21E+002    7.1624426883E-009
    1    1.22E+002    9.4779335660E-009
    1    1.23E+002    1.2111291698E-008
    1    1.24E+002    1.4358737282E-008
    1    1.25E+002    1.5708078381E-008
    1    1.26E+002    1.6038866277E-008
    1    1.27E+002    1.5318330680E-008
    1    1.28E+002    1.4321474017E-008
    1    1.29E+002    1.3690764264E-008
    1    1.30E+002    1.2633081737E-008
    1    1.31E+002    1.0548991278E-008
    1    1.32E+002    7.6145277663E-009
    1    1.33E+002    4.5827615123E-009
    1    1.34E+002    1.3487874770E-009
    1    1.35E+002   -2.3534596125E-009
    1    1.36E+002   -5.9113914620E-009
    1    1.37E+002   -8.8820423148E-009
    1    1.38E+002   -1.1001320959E-008
    1    1.39E+002   -1.2077171488E-008
    1    1.40E+002   -1.2977682421E-008
    1    1.41E+002   -1.4435080833E-008
    1    1.42E+002   -1.5480057468E-008
    1    1.43E+002   -1.5332441406E-008
    1    1.44E+002   -1.3994798520E-008
    1    1.45E+002   -1.1569653874E-008
    1    1.46E+002   -8.2505806716E-009
    1    1.47E+002   -4.3056751108E-009
    1    1.48E+002   -3.6482906949E-010
    1    1.49E+002    3.0768421544E-009
    1    1.50E+002    5.6990163131E-009
    1    1.51E+002    7.2536869961E-009
    1    1.52E+002    8.7115230117E-009
    1    1.53E+002    1.0911978166E-008
    1    1.54E+002    1.2763255941E-008
    1    1.55E+002    1.3343333062E-008
    1    1.56E+002    1.2580957759E-008
    1    1.57E+002    1.1617639921E-008
    1    1.58E+002    1.0306128549E-008
    1    1.59E+002    7.7459240503E-009
    1    1.60E+002    5.1123033657E-009
    1    1.61E+002    3.4531408313E-009
    1    1.62E+002    2.9317030427E-009
    1    1.63E+002    3.6095934349E-009
    1    1.64E+002    4.1485938898E-009
    1    1.65E+002    3.3681317227E-009
    1    1.66E+002    2.6293647258E-009
    1    1.67E+002    3.1470988093E-009
    1    1.68E+002    4.8911382864E-009
    1    1.69E+002    6.4494866365E-009
    1    1.70E+002    6.5751425948E-009
    1    1.71E+002    5.2458449227E-009
    1    1.72E+002    3.8885950054E-009
    1    1.73E+002    3.7875628836E-009
    1    1.74E+002    4.9670848258E-009
    1    1.75E+002    7.3408484234E-009
    1    1.76E+002    9.4306754624E-009
    1    1.77E+002    9.9275670063E-009
    1    1.78E+002    1.0244933930E-008
    1    1.79E+002    1.1665535321E-008
    1    1.80E+002    1.4083219597E-008
    1    1.81E+002    1.6032184101E-008
    1    1.82E+002    1.7638589726E-008
    1    1.83E+002    2.0018513832E-008
    1    1.84E+002    2.1784357220E-008
    1    1.85E+002    2.1736833302E-008
    1    1.86E+002    1.9860471349E-008
    1    1.87E+002    1.6301149343E-008
    1    1.88E+002    1.2402971572E-008
    1    1.89E+002    9.3927937499E-009
    1    1.90E+002    6.0441687729E-009
    1    1.91E+002    1.3046401911E-009
    1    1.92E+002   -4.4309149638E-009
    1    1.93E+002   -1.0680865339E-008
    1    1.94E+002   -1.6919237317E-008
    1    1.95E+002   -2.2621949434E-008
    1    1.96E+002   -2.7659272675E-008
    1    1.97E+002   -3.2102679180E-008
    1    1.98E+002   -3.5555418340E-008
    1    1.99E+002   -3.7708927496E-008
    1    2.00E+002   -3.8999548181E-008
    1    2.01E+002   -3.9785587564E-008
    1    2.02E+002   -3.9474279891E-008
    1    2.03E+002   -3.7718114739E-008
    1    2.04E+002   -3.4660890685E-008
    1    2.05E+002   -3.0821242108E-008
    1    2.06E+002   -2.6119365722E-008
    1    2.07E+002   -2.0614561410E-008
    1    2.08E+002   -1.4686178706E-008
    1    2.09E+002   -8.5919902214E-009
    1    2.10E+002   -2.8636561585E-009
    1    2.11E+002    1.9976938011E-009
    1    2.12E+002    6.9147634569E-009
    1    2.13E+002    1.2651394809E-008
    1    2.14E+002    1.7992284744E-008
    1    2.15E+002    2.1911153829E-008
    1    2.16E+002    2.4062991880E-008
    1    2.17E+002    2.5715492297E-008
    1    2.18E+002    2.8025238147E-008
    1    2.19E+002    3.0801556328E-008
    1    2.20E+002    3.2712908539E-008
    1    2.21E+002    3.2654777324E-008
    1    2.22E+002    3.0625754760E-008
    1    2.23E+002    2.6796674961E-008
    1    2.24E+002    2.2387202686E-008
    1    2.25E+002    1.8508853714E-008
    1    2.26E+002    1.4066205474E-008
    1    2.27E+002    8.1696841102E-009
    1    2.28E+002    1.3257110861E-009
    1    2.29E+002   -5.4695056589E-009
    1    2.30E+002   -1.2224965999E-008
    1    2.31E+002   -1.9033529961E-008
    1    2.32E+002   -2.5284131494E-008
    1    2.33E+002   -3.0574562377E-008
    1    2.34E+002   -3.4444201341E-008
    1    2.35E+002   -3.6554527983E-008
    1    2.36E+002   -3.7878821799E-008
    1    2.37E+002   -3.9300999135E-008
    1    2.38E+002   -3.9682504913E-008
    1    2.39E+002   -3.8133462599E-008
    1    2.40E+002   -3.4783503503E-008
    1    2.41E+002   -2.9916593377E-008
    1    2.42E+002   -2.3946102204E-008
    1    2.43E+002   -1.7378837419E-008
    1    2.44E+002   -1.0494875365E-008
    1    2.45E+002   -3.4547228241E-009
    1    2.46E+002    3.1188446687E-009
    1    2.47E+002    8.6439322921E-009
    1    2.48E+002    1.4055976792E-008
    1    2.49E+002    2.0151362082E-008
    1    2.50E+002    2.5682192673E-008
    1    2.51E+002    2.9599351664E-008
    1    2.52E+002    3.1550134103E-008
    1    2.53E+002    3.2850203867E-008
    1    2.54E+002    3.3294415095E-008
    1    2.55E+002    3.1569206770E-008
    1    2.56E+002    2.9196996239E-008
    1    2.57E+002    2.7616344370E-008
    1    2.58E+002    2.6979840406E-008
    1    2.59E+002    2.7355290623E-008
    1    2.60E+002    2.6997597433E-008
    1    2.61E+002    2.4376357870E-008
    1    2.62E+002    2.1267364613E-008
    1    2.63E+002    1.9339184877E-008
    1    2.64E+002    1.8770238103E-008
    1    2.65E+002    1.7651066874E-008
    1    2.66E+002    1.4271273457E-008
    1    2.67E+002    8.9156694187E-009
    1    2.68E+002    3.4226653804E-009
    1    2.69E+002   -5.0988011073E-010
    1    2.70E+002   -2.5303524670E-009
    1    2.71E+002   -2.4506055018E-009
    1    2.72E+002   -2.4331098093E-009
    1    2.73E+002   -4.4899471000E-009
    1    2.74E+002   -6.3844753474E-009
    1    2.75E+002   -6.0418350592E-009
    1    2.76E+002   -3.4766189245E-009
    1    2.77E+002   -9.5079953043E-010
    1    2.78E+002    1.6516335162E-009
    1    2.79E+002    6.1821817523E-009
    1    2.80E+002    1.0448038480E-008
    1    2.81E+002    1.2415323073E-008
    1    2.82E+002    1.1892805974E-008
    1    2.83E+002    8.9063571656E-009
    1    2.84E+002    5.7815638869E-009
    1    2.85E+002    4.7139392272E-009
    1    2.86E+002    3.4467585175E-009
    1    2.87E+002   -1.1755321693E-010
    1    2.88E+002   -5.6897732101E-009
    1    2.89E+002   -1.2808211426E-008
    1    2.90E+002   -2.0879016660E-008
    1    2.91E+002   -2.9227777187E-008
    1    2.92E+002   -3.6749191943E-008
    1    2.93E+002   -4.2541192352E-008
    1    2.94E+002   -4.6081129743E-008
    1    2.95E+002   -4.7044271564E-008
    1    2.96E+002   -4.6904402917E-008
    1    2.97E+002   -4.7087949917E-008
    1    2.98E+002   -4.5993084168E-008
    1    2.99E+002   -4.2268474404E-008
    1    3.00E+002   -3.6219995307E-008
    1    3.01E+002   -2.9345386522E-008
    1    3.02E+002   -2.1641733326E-008
    1    3.03E+002   -1.2509471188E-008
    1    3.04E+002   -3.1497766729E-009
    1    3.05E+002    5.3655288600E-009
    1    3.06E+002    1.2289424348E-008
    1    3.07E+002    1.7012319434E-008
    1    3.08E+002    2.1403530992E-008
    1    3.09E+002    2.7213133403E-008
    1    3.10E+002    3.2251485432E-008
    1    3.11E+002    3.4542872555E-008
    1    3.12E+002    3.3879110281E-008
    1    3.13E+002    3.2451060007E-008
    1    3.14E+002    3.2364405575E-008
    1    3.15E+002    3.3639307795E-008
    1    3.16E+002    3.3965154641E-008
    1    3.17E+002    3.1258486653E-008
    1    3.18E+002    2.5741978860E-008
    1    3.19E+002    1.7884364882E-008
    1    3.20E+002    9.6543210870E-009
    1    3.21E+002    2.8970298274E-009
    1    3.22E+002   -4.0435814051E-009
    1    3.23E+002   -1.2653820819E-008
    1    3.24E+002   -2.2196032914E-008
    1    3.25E+002   -3.1106813168E-008
    1    3.26E+002   -3.9339770822E-008
    1    3.27E+002   -4.7327158594E-008
    1    3.28E+002   -5.4049425217E-008
    1    3.29E+002   -5.8752081978E-008
    1    3.30E+002   -6.1023694686E-008
    1    3.31E+002   -6.0664229778E-008
    1    3.32E+002   -5.8903794251E-008
    1    3.33E+002   -5.6934412646E-008
    1    3.34E+002   -5.3467112244E-008
    1    3.35E+002   -4.7501166170E-008
    1    3.36E+002   -3.9549903099E-008
    1    3.37E+002   -3.0298839523E-008
    1    3.38E+002   -2.0545618930E-008
    1    3.39E+002   -1.1130278483E-008
    1    3.40E+002   -1.5515611250E-009
    1    3.41E+002    8.8340230875E-009
    1    3.42E+002    1.9122031534E-008
    1    3.43E+002    2.8416828193E-008
    1    3.44E+002    3.7117360279E-008
    1    3.45E+002    4.5516289805E-008
    1    3.46E+002    5.2722413737E-008
    1    3.47E+002    5.8106408047E-008
    1    3.48E+002    6.1196436567E-008
    1    3.49E+002    6.2904770575E-008
    1    3.50E+002    6.3014053280E-008
    1    3.51E+002    6.0580932465E-008
    1    3.52E+002    5.6784564375E-008
    1    3.53E+002    5.2771486888E-008
    1    3.54E+002    4.8898002415E-008
    1    3.55E+002    4.5506664622E-008
    1    3.56E+002    4.0914236005E-008
    1    3.57E+002    3.3698206631E-008
    1    3.58E+002    2.5746474687E-008
    1    3.59E+002    1.8853957365E-008
    1    3.60E+002    1.3624398308E-008
    1    3.61E+002    7.9503569320E-009
    1    3.62E+002   -8.2715946039E-011
    1    3.63E+002   -9.7846988401E-009
    1    3.64E+002   -1.9173151350E-008
    1    3.65E+002   -2.6451102312E-008
    1    3.66E+002   -3.0982497290E-008
    1    3.67E+002   -3.2366583059E-008
    1    3.68E+002   -3.3080907802E-008
    1    3.69E+002   -3.5511518378E-008
    1    3.70E+002   -3.7011241249E-008
    1    3.71E+002   -3.5165354100E-008
    1    3.72E+002   -3.0123439340E-008
    1    3.73E+002   -2.4455480130E-008
    1    3.74E+002   -1.8119877301E-008
    1    3.75E+002   -9.3062343466E-009
    1    3.76E+002   -3.6253759647E-010
    1    3.77E+002    6.4962861245E-009
    1    3.78E+002    1.0660150180E-008
    1    3.79E+002    1.1751848811E-008
    1    3.80E+002    1.2660742895E-008
    1    3.81E+002    1.6148987768E-008
    1    3.82E+002    1.9179641323E-008
    1    3.83E+002    1.8900070645E-008
    1    3.84E+002    1.5316526551E-008
    1    3.85E+002    8.7182798921E-009
    1    3.86E+002   -3.4744843556E-010
    1    3.87E+002   -1.1122625827E-008
    1    3.88E+002   -2.1514569783E-008
    1    3.89E+002   -2.9590177096E-008
    1    3.90E+002   -3.4623972788E-008
    1    3.91E+002   -3.6156435868E-008
    1    3.92E+002   -3.6858323366E-008
    1    3.93E+002   -3.9335819833E-008
    1    3.94E+002   -4.0739676071E-008
    1    3.95E+002   -3.8447860251E-008
    1    3.96E+002   -3.2636221363E-008
    1    3.97E+002   -2.6100519022E-008
    1    3.98E+002   -1.8831038290E-008
    1    3.99E+002   -8.8829401756E-009
    1    4.00E+002    1.1911221644E-009
    1    4.01E+002    8.9661478088E-009
    1    4.02E+002    1.3752569270E-008
    1    4.03E+002    1.5120903711E-008
    1    4.04E+002    1.6180789584E-008
    1    4.05E+002    1.9924656290E-008
    1    4.06E+002    2.3058715658E-008
    1    4.07E+002    2.2483519361E-008
    1    4.08E+002    1.8235106809E-008
    1    4.09E+002    1.3592926761E-008
    1    4.10E+002    1.1721643558E-008
    1    4.11E+002    1.2797187931E-008
    1    4.12E+002    1.3435712774E-008
    1    4.13E+002    1.0432565951E-008
    1    4.14E+002    4.0319060686E-009
    1    4.15E+002   -5.2256968252E-009
    1    4.16E+002   -1.4280738239E-008
    1    4.17E+002   -2.0241449530E-008
    1    4.18E+002   -2.5801335474E-008
    1    4.19E+002   -3.3539183090E-008
    1    4.20E+002   -4.2798181221E-008
    1    4.21E+002   -5.0904303347E-008
    1    4.22E+002   -5.7829757030E-008
    1    4.23E+002   -6.5215038520E-008
    1    4.24E+002   -7.0883015452E-008
    1    4.25E+002   -7.2950554647E-008
    1    4.26E+002   -7.1227768040E-008
    1    4.27E+002   -6.5855547980E-008
    1    4.28E+002   -5.8933336873E-008
    1    4.29E+002   -5.2539121691E-008
    1    4.30E+002   -4.4739549712E-008
    1    4.31E+002   -3.3876328122E-008
    1    4.32E+002   -2.0882784433E-008
    1    4.33E+002   -6.8780401599E-009
    1    4.34E+002    6.9307718652E-009
    1    4.35E+002    1.9353950116E-008
    1    4.36E+002    3.1192907265E-008
    1    4.37E+002    4.3456149618E-008
    1    4.38E+002    5.5078398929E-008
    1    4.39E+002    6.5050917240E-008
    1    4.40E+002    7.3518186605E-008
    1    4.41E+002    8.0594467966E-008
    1    4.42E+002    8.5598371689E-008
    1    4.43E+002    8.8187955878E-008
    1    4.44E+002    8.8136445848E-008
    1    4.45E+002    8.6021974581E-008
    1    4.46E+002    8.1720286973E-008
    1    4.47E+002    7.5046195246E-008
    1    4.48E+002    6.6636982579E-008
    1    4.49E+002    5.7121045335E-008
    1    4.50E+002    4.7325604573E-008
    1    4.51E+002    3.8102177414E-008
    1    4.52E+002    2.7840065847E-008
    1    4.53E+002    1.5177114713E-008
    1    4.54E+002    2.2204524262E-009
    1    4.55E+002   -9.0570936122E-009
    1    4.56E+002   -1.7675049838E-008
    1    4.57E+002   -2.5973719349E-008
    1    4.58E+002   -3.6165092391E-008
    1    4.59E+002   -4.7372442022E-008
    1    4.60E+002   -5.7335647399E-008
    1    4.61E+002   -6.4061376412E-008
    1    4.62E+002   -6.6963929510E-008
    1    4.63E+002   -6.5787393705E-008
    1    4.64E+002   -6.3105352036E-008
    1    4.65E+002   -6.1466569166E-008
    1    4.66E+002   -5.8238026019E-008
    1    4.67E+002   -5.1080249217E-008
    1    4.68E+002   -4.0607419276E-008
    1    4.69E+002   -2.9233713349E-008
    1    4.70E+002   -1.7057816178E-008
    1    4.71E+002   -3.0579906698E-009
    1    4.72E+002    1.0929147417E-008
    1    4.73E+002    2.3222771233E-008
    1    4.74E+002    3.2749892903E-008
    1    4.75E+002    3.8675376777E-008
    1    4.76E+002    4.3773341114E-008
    1    4.77E+002    5.0740641790E-008
    1    4.78E+002    5.6408603706E-008
    1    4.79E+002    5.7872356756E-008
    1    4.80E+002    5.4992984564E-008
    1    4.81E+002    4.8004197995E-008
    1    4.82E+002    3.7492118913E-008
    1    4.83E+002    2.4344844775E-008
    1    4.84E+002    1.0711031905E-008
    1    4.85E+002   -1.3498928255E-009
    1    4.86E+002   -1.0769708949E-008
    1    4.87E+002   -1.6710490214E-008
    1    4.88E+002   -2.2316239871E-008
    1    4.89E+002   -3.0622220565E-008
    1    4.90E+002   -3.8090334791E-008
    1    4.91E+002   -4.1392204075E-008
    1    4.92E+002   -4.0219706048E-008
    1    4.93E+002   -3.8162225012E-008
    1    4.94E+002   -3.5099836447E-008
    1    4.95E+002   -2.7802643540E-008
    1    4.96E+002   -1.9935532227E-008
    1    4.97E+002   -1.5079148974E-008
    1    4.98E+002   -1.3673591385E-008
    1    4.99E+002   -1.5857357144E-008
    1    5.00E+002   -1.7602389646E-008
    1    5.01E+002   -1.5063123735E-008
    1    5.02E+002   -1.2280942391E-008
    1    5.03E+002   -1.3176690195E-008
    1    5.04E+002   -1.7687786017E-008
    1    5.05E+002   -2.1705370933E-008
    1    5.06E+002   -2.1311833416E-008
    1    5.07E+002   -1.6528898282E-008
    1    5.08E+002   -1.1448021086E-008
    1    5.09E+002   -1.0042854693E-008
    1    5.10E+002   -1.2451268251E-008
    1    5.11E+002   -1.8480608393E-008
