    1    1.00E+000    7.1472301016E-009
    1    2.00E+000    4.2038322196E-007
    1    3.00E+000    3.4619072229E-006
    1    4.00E+000    1.4807138968E-005
    1    5.00E+000    4.4598016305E-005
    1    6.00E+000    1.0740297930E-004
    1    7.00E+000    2.2086649009E-004
    1    8.00E+000    4.0304373922E-004
    1    9.00E+000    6.6870903947E-004
    1    1.00E+001    1.0252070815E-003
    1    1.10E+001    1.4686282932E-003
    1    1.20E+001    1.9811821628E-003
    1    1.30E+001    2.5305801626E-003
    1    1.40E+001    3.0720111917E-003
    1    1.50E+001    3.5529143006E-003
    1    1.60E+001    3.9202722732E-003
    1    1.70E+001    4.1296366421E-003
    1    1.80E+001    4.1546366246E-003
    1    1.90E+001    3.9954104280E-003
    1    2.00E+001    3.6843037755E-003
    1    2.10E+001    3.2873562933E-003
    1    2.20E+001    2.9005512035E-003
    1    2.30E+001    2.6405012520E-003
    1    2.40E+001    2.6301020213E-003
    1    2.50E+001    2.9805831240E-003
    1    2.60E+001    3.7721862050E-003
    1    2.70E+001    5.0362524414E-003
    1    2.80E+001    6.7416892480E-003
    1    2.90E+001    8.7885283748E-003
    1    3.00E+001    1.1010569868E-002
    1    3.10E+001    1.3187984764E-002
    1    3.20E+001    1.5069351319E-002
    1    3.30E+001    1.6401111286E-002
    1    3.40E+001    1.6961075764E-002
    1    3.50E+001    1.6591610344E-002
    1    3.60E+001    1.5227680702E-002
    1    3.70E+001    1.2915171404E-002
    1    3.80E+001    9.8158382504E-003
    1    3.90E+001    6.1968464433E-003
    1    4.00E+001    2.4049038715E-003
    1    4.10E+001   -1.1727477223E-003
    1    4.20E+001   -4.1560958056E-003
    1    4.30E+001   -6.2228247390E-003
    1    4.40E+001   -7.1545338598E-003
    1    4.50E+001   -6.8718069624E-003
    1    4.60E+001   -5.4523210492E-003
    1    4.70E+001   -3.1282194055E-003
    1    4.80E+001   -2.6172692258E-004
    1    4.90E+001    2.6989091607E-003
    1    5.00E+001    5.2780573728E-003
    1    5.10E+001    7.0383663556E-003
    1    5.20E+001    7.6444108792E-003
    1    5.30E+001    6.9150354723E-003
    1    5.40E+001    4.8562368998E-003
    1    5.50E+001    1.6688254769E-003
    1    5.60E+001   -2.2715147060E-003
    1    5.70E+001   -6.4602425182E-003
    1    5.80E+001   -1.0330659548E-002
    1    5.90E+001   -1.3332638972E-002
    1    6.00E+001   -1.5012583369E-002
    1    6.10E+001   -1.5083131996E-002
    1    6.20E+001   -1.3472072853E-002
    1    6.30E+001   -1.0342384255E-002
    1    6.40E+001   -6.0790429932E-003
    1    6.50E+001   -1.2427351029E-003
    1    6.60E+001    3.5046653223E-003
    1    6.70E+001    7.4936120949E-003
    1    6.80E+001    1.0146711048E-002
    1    6.90E+001    1.1070144301E-002
    1    7.00E+001    1.0121818421E-002
    1    7.10E+001    7.4433624071E-003
    1    7.20E+001    3.4474249562E-003
    1    7.30E+001   -1.2417613306E-003
    1    7.40E+001   -5.8884280393E-003
    1    7.50E+001   -9.7711654667E-003
    1    7.60E+001   -1.2312526287E-002
    1    7.70E+001   -1.3186292920E-002
    1    7.80E+001   -1.2377994635E-002
    1    7.90E+001   -1.0182544675E-002
    1    8.00E+001   -7.1370237869E-003
    1    8.10E+001   -3.9034369475E-003
    1    8.20E+001   -1.1304215732E-003
    1    8.30E+001    6.7130458623E-004
    1    8.40E+001    1.2109050601E-003
    1    8.50E+001    4.4418277444E-004
    1    8.60E+001   -1.4478931718E-003
    1    8.70E+001   -4.1087293533E-003
    1    8.80E+001   -7.0635642864E-003
    1    8.90E+001   -9.7762042882E-003
    1    9.00E+001   -1.1708852242E-002
    1    9.10E+001   -1.2390470333E-002
    1    9.20E+001   -1.1488989763E-002
    1    9.30E+001   -8.8753485119E-003
    1    9.40E+001   -4.6793049642E-003
    1    9.50E+001    6.3979228805E-004
    1    9.60E+001    6.1925727553E-003
    1    9.70E+001    1.0595131043E-002
    1    9.80E+001    1.2121567404E-002
    1    9.90E+001    9.2651040598E-003
    1    1.00E+002    1.6685039844E-003
    1    1.01E+002   -9.0203571988E-003
    1    1.02E+002   -1.9060067630E-002
    1    1.03E+002   -2.3747869798E-002
    1    1.04E+002   -1.9556850449E-002
    1    1.05E+002   -6.4049398683E-003
    1    1.06E+002    1.1122420752E-002
    1    1.07E+002    2.4724568883E-002
    1    1.08E+002    2.6068906211E-002
    1    1.09E+002    1.2139982344E-002
    1    1.10E+002   -1.1050221729E-002
    1    1.11E+002   -3.0168057236E-002
    1    1.12E+002   -3.2221286738E-002
    1    1.13E+002   -1.3799832647E-002
    1    1.14E+002    1.4670335011E-002
    1    1.15E+002    3.3943868125E-002
    1    1.16E+002    2.8988952412E-002
    1    1.17E+002    1.7633670187E-003
    1    1.18E+002   -2.7782927174E-002
    1    1.19E+002   -3.6264097872E-002
    1    1.20E+002   -1.6158476400E-002
    1    1.21E+002    1.6766045079E-002
    1    1.22E+002    3.5278284033E-002
    1    1.23E+002    2.3609284249E-002
    1    1.24E+002   -7.8609473348E-003
    1    1.25E+002   -3.1336080475E-002
    1    1.26E+002   -2.6850036272E-002
    1    1.27E+002    2.4144079392E-004
    1    1.28E+002    2.5194038299E-002
    1    1.29E+002    2.6642697417E-002
    1    1.30E+002    5.4575345818E-003
    1    1.31E+002   -1.7788954111E-002
    1    1.32E+002   -2.3373209620E-002
    1    1.33E+002   -9.3369667157E-003
    1    1.34E+002    9.9742744793E-003
    1    1.35E+002    1.8549272169E-002
    1    1.36E+002    1.2002605209E-002
    1    1.37E+002   -1.2097620805E-003
    1    1.38E+002   -9.8177618031E-003
    1    1.39E+002   -9.5300932888E-003
    1    1.40E+002   -3.7948634519E-003
    1    1.41E+002    1.8141103179E-003
    1    1.42E+002    4.5028785444E-003
    1    1.43E+002    5.1254604186E-003
    1    1.44E+002    5.6452884644E-003
    1    1.45E+002    6.1646631625E-003
    1    1.46E+002    4.7602799574E-003
    1    1.47E+002    1.2450200550E-004
    1    1.48E+002   -6.2565078743E-003
    1    1.49E+002   -1.0708276477E-002
    1    1.50E+002   -9.8686298234E-003
    1    1.51E+002   -2.9045824185E-003
    1    1.52E+002    7.8199000478E-003
    1    1.53E+002    1.7766346826E-002
    1    1.54E+002    2.2390289933E-002
    1    1.55E+002    1.9367894642E-002
    1    1.56E+002    9.6729540870E-003
    1    1.57E+002   -3.0194154061E-003
    1    1.58E+002   -1.4088858686E-002
    1    1.59E+002   -1.9827623166E-002
    1    1.60E+002   -1.8573842222E-002
    1    1.61E+002   -1.0893921860E-002
    1    1.62E+002    9.5464738213E-004
    1    1.63E+002    1.3905357627E-002
    1    1.64E+002    2.4989235605E-002
    1    1.65E+002    3.2046025142E-002
    1    1.66E+002    3.4111969492E-002
    1    1.67E+002    3.1448111148E-002
    1    1.68E+002    2.5267117380E-002
    1    1.69E+002    1.7288231189E-002
    1    1.70E+002    9.2724594566E-003
    1    1.71E+002    2.6601839850E-003
    1    1.72E+002   -1.6276363014E-003
    1    1.73E+002   -3.2257220846E-003
    1    1.74E+002   -2.2409960638E-003
    1    1.75E+002    8.9306474546E-004
    1    1.76E+002    5.5732601902E-003
    1    1.77E+002    1.1160908214E-002
    1    1.78E+002    1.7078003477E-002
    1    1.79E+002    2.2863612481E-002
    1    1.80E+002    2.8196645133E-002
    1    1.81E+002    3.2893982576E-002
    1    1.82E+002    3.6892713943E-002
    1    1.83E+002    4.0223669052E-002
    1    1.84E+002    4.2981633330E-002
    1    1.85E+002    4.5296087147E-002
    1    1.86E+002    4.7305116133E-002
    1    1.87E+002    4.9134209210E-002
    1    1.88E+002    5.0880891796E-002
    1    1.89E+002    5.2605472578E-002
    1    1.90E+002    5.4327605189E-002
    1    1.91E+002    5.6027903394E-002
    1    1.92E+002    5.7653527183E-002
    1    1.93E+002    5.9126491380E-002
    1    1.94E+002    6.0353431918E-002
    1    1.95E+002    6.1235673397E-002
    1    1.96E+002    6.1678639195E-002
    1    1.97E+002    6.1599892576E-002
    1    1.98E+002    6.0935357704E-002
    1    1.99E+002    5.9643513747E-002
    1    2.00E+002    5.7707563518E-002
    1    2.01E+002    5.5135739227E-002
    1    2.02E+002    5.1960018891E-002
    1    2.03E+002    4.8233590373E-002
    1    2.04E+002    4.4027422435E-002
    1    2.05E+002    3.9426292154E-002
    1    2.06E+002    3.4524584471E-002
    1    2.07E+002    2.9422131226E-002
    1    2.08E+002    2.4220301077E-002
    1    2.09E+002    1.9018494282E-002
    1    2.10E+002    1.3911141854E-002
    1    2.11E+002    8.9852602495E-003
    1    2.12E+002    4.3185721934E-003
    1    2.13E+002   -2.1827536600E-005
    1    2.14E+002   -3.9803057145E-003
    1    2.15E+002   -7.5130829779E-003
    1    2.16E+002   -1.0588251987E-002
    1    2.17E+002   -1.3185490366E-002
    1    2.18E+002   -1.5295534447E-002
    1    2.19E+002   -1.6919473481E-002
    1    2.20E+002   -1.8067915418E-002
    1    2.21E+002   -1.8760065739E-002
    1    2.22E+002   -1.9022751018E-002
    1    2.23E+002   -1.8889409792E-002
    1    2.24E+002   -1.8399065454E-002
    1    2.25E+002   -1.7595289709E-002
    1    2.26E+002   -1.6525160848E-002
    1    2.27E+002   -1.5238218811E-002
    1    2.28E+002   -1.3785418617E-002
    1    2.29E+002   -1.2218084988E-002
    1    2.30E+002   -1.0586873623E-002
    1    2.31E+002   -8.9407481205E-003
    1    2.32E+002   -7.3259856200E-003
    1    2.33E+002   -5.7852282601E-003
    1    2.34E+002   -4.3566012074E-003
    1    2.35E+002   -3.0729207559E-003
    1    2.36E+002   -1.9610175515E-003
    1    2.37E+002   -1.0412000686E-003
    1    2.38E+002   -3.2688188880E-004
    1    2.39E+002    1.7560693625E-004
    1    2.40E+002    4.6700905755E-004
    1    2.41E+002    5.5492050770E-004
    1    2.42E+002    4.5336138216E-004
    1    2.43E+002    1.8214334222E-004
    1    2.44E+002   -2.3395055074E-004
    1    2.45E+002   -7.6614958268E-004
    1    2.46E+002   -1.3828106562E-003
    1    2.47E+002   -2.0506261272E-003
    1    2.48E+002   -2.7358798732E-003
    1    2.49E+002   -3.4057037466E-003
    1    2.50E+002   -4.0292851987E-003
    1    2.51E+002   -4.5789777889E-003
    1    2.52E+002   -5.0312695552E-003
    1    2.53E+002   -5.3675697222E-003
    1    2.54E+002   -5.5747817441E-003
    1    2.55E+002   -5.6456398903E-003
    1    2.56E+002   -5.5787970385E-003
