+1   0.0000000000   1971.6703787
+1   0.0100000000   -566235.8923
+1   0.0200000000   -683305.1572
+1   0.0300000000   -308038.9300
+1   0.0400000000   199233.29823
+1   0.0500000000   459920.13832
+1   0.0600000000   399533.33955
+1   0.0700000000   195782.73914
+1   0.0800000000   -911.5670964
+1   0.0900000000   -194483.5311
+1   0.1000000000   -393942.7441
+1   0.1100000000   -456092.6012
+1   0.1200000000   -201245.0462
+1   0.1300000000   304213.74251
+1   0.1400000000   683598.75230
+1   0.1500000000   570029.50941
+1   0.1600000000   233.37739361
+1   0.1700000000   -570482.3470
+1   0.1800000000   -685853.0735
+1   0.1900000000   -307002.8907
+1   0.2000000000   200354.58786
+1   0.2100000000   457842.64024
+1   0.2200000000   396159.83041
+1   0.2300000000   194998.67237
+1   0.2400000000   985.68087748
+1   0.2500000000   -193148.4067
+1   0.2600000000   -394658.7398
+1   0.2700000000   -456988.6133
+1   0.2800000000   -200572.7768
+1   0.2900000000   305559.66436
+1   0.3000000000   683839.32639
+1   0.3100000000   568910.67127
+1   0.3200000000   -1438.393593
+1   0.3300000000   -572364.9195
+1   0.3400000000   -687776.3450
+1   0.3500000000   -307972.0298
+1   0.3600000000   201371.58979
+1   0.3700000000   460312.14965
+1   0.3800000000   398423.82560
+1   0.3900000000   196415.85130
+1   0.4000000000   2455.7614042
+1   0.4100000000   -191173.7731
+1   0.4200000000   -393445.6053
+1   0.4300000000   -457769.8267
+1   0.4400000000   -202350.1989
+1   0.4500000000   304979.55168
+1   0.4600000000   684796.95947
+1   0.4700000000   569533.64395
+1   0.4800000000   -2089.632041
+1   0.4900000000   -572542.8078
+1   0.5000000000   -685820.0967
+1   0.5100000000   -305485.6196
+1   0.5200000000   201326.78118
+1   0.5300000000   457727.46474
+1   0.5400000000   396438.91611
+1   0.5500000000   196390.94466
+1   0.5600000000   1665.9490142
+1   0.5700000000   -195199.4703
+1   0.5800000000   -398504.9467
+1   0.5900000000   -459618.3192
+1   0.6000000000   -200480.6441
+1   0.6100000000   307362.57241
+1   0.6200000000   686160.29278
+1   0.6300000000   571700.02706
+1   0.6400000000   1498.5913590
+1   0.6500000000   -570614.2234
+1   0.6600000000   -687749.2636
+1   0.6700000000   -308287.8392
+1   0.6800000000   201997.88317
+1   0.6900000000   460966.61609
+1   0.7000000000   397285.14935
+1   0.7100000000   193383.48342
+1   0.7200000000   -971.2607456
+1   0.7300000000   -194126.6245
+1   0.7400000000   -396202.0169
+1   0.7500000000   -460153.7754
+1   0.7600000000   -203188.0304
+1   0.7700000000   306394.88555
+1   0.7800000000   687774.81090
+1   0.7900000000   572864.77593
+1   0.8000000000   782.86768837
+1   0.8100000000   -570673.5519
+1   0.8200000000   -685158.5484
+1   0.8300000000   -305290.7300
+1   0.8400000000   202136.52306
+1   0.8500000000   458715.26165
+1   0.8600000000   395520.22989
+1   0.8700000000   192578.86077
+1   0.8800000000   -2962.477614
+1   0.8900000000   -197616.2460
+1   0.9000000000   -398280.2361
+1   0.9100000000   -458884.1789
+1   0.9200000000   -200581.9882
+1   0.9300000000   307407.37855
+1   0.9400000000   687426.82081
+1   0.9500000000   573383.55607
+1   0.9600000000   2461.1519410
+1   0.9700000000   -569605.4967
+1   0.9800000000   -685250.3916
+1   0.9900000000   -305227.0762
+1   1.0000000000   202629.41732
+1   1.0100000000   458061.06681
+1   1.0200000000   393498.86937
+1   1.0300000000   191862.79880
+1   1.0400000000   -426.6830422
+1   1.0500000000   -193924.2261
+1   1.0600000000   -396814.3255
+1   1.0700000000   -459460.0432
+1   1.0800000000   -200299.1207
+1   1.0900000000   308858.41822
+1   1.1000000000   686730.85888
+1   1.1100000000   568910.73049
+1   1.1200000000   -2459.453216
+1   1.1300000000   -571066.0624
+1   1.1400000000   -684385.6846
+1   1.1500000000   -306328.7551
+1   1.1600000000   198925.23305
+1   1.1700000000   456257.22288
+1   1.1800000000   396871.37938
+1   1.1900000000   197336.91139
+1   1.2000000000   1343.0495295
+1   1.2100000000   -196873.4567
+1   1.2200000000   -399590.0409
+1   1.2300000000   -458024.8023
+1   1.2400000000   -196842.1398
+1   1.2500000000   309265.97036
+1   1.2600000000   683641.19237
+1   1.2700000000   567812.32251
+1   1.2800000000   2890.0465683
+1   1.2900000000   -561776.7992
+1   1.3000000000   -677348.6939
+1   1.3100000000   -303361.8602
+1   1.3200000000   202069.78840
+1   1.3300000000   463071.21299
+1   1.3400000000   404749.49983
+1   1.3500000000   201360.86534
+1   1.3600000000   1326.9840895
+1   1.3700000000   -196589.0150
+1   1.3800000000   -396998.4738
+1   1.3900000000   -456366.2601
+1   1.4000000000   -199197.9768
+1   1.4100000000   305243.18771
+1   1.4200000000   682570.09495
+1   1.4300000000   569542.52752
+1   1.4400000000   2186.6416511
+1   1.4500000000   -568016.9610
+1   1.4600000000   -685657.6973
+1   1.4700000000   -308501.1329
+1   1.4800000000   199814.62806
+1   1.4900000000   458518.72564
+1   1.5000000000   395706.84085
+1   1.5100000000   192729.11925
+1   1.5200000000   -715.5542396
+1   1.5300000000   -192754.5970
+1   1.5400000000   -394180.8080
+1   1.5500000000   -458751.7737
+1   1.5600000000   -203267.4756
+1   1.5700000000   305035.36465
+1   1.5800000000   685616.17336
+1   1.5900000000   570002.00610
+1   1.6000000000   -2610.600054
+1   1.6100000000   -573959.7609
+1   1.6200000000   -687819.5618
+1   1.6300000000   -307350.6558
+1   1.6400000000   200780.70733
+1   1.6500000000   458942.95578
+1   1.6600000000   398355.60967
+1   1.6700000000   197971.36909
+1   1.6800000000   3543.9508078
+1   1.6900000000   -192017.0891
+1   1.7000000000   -395103.4992
+1   1.7100000000   -458515.3512
+1   1.7200000000   -202396.6791
+1   1.7300000000   304324.12010
+1   1.7400000000   683666.66164
+1   1.7500000000   569301.62996
+1   1.7600000000   -1455.639116
+1   1.7700000000   -572833.0938
+1   1.7800000000   -687523.4202
+1   1.7900000000   -306357.9403
+1   1.8000000000   203008.95806
+1   1.8100000000   460041.84194
+1   1.8200000000   396294.78646
+1   1.8300000000   194238.94063
+1   1.8400000000   854.22023366
+1   1.8500000000   -193721.9114
+1   1.8600000000   -397625.4186
+1   1.8700000000   -461200.5789
+1   1.8800000000   -202268.4638
+1   1.8900000000   307819.60413
+1   1.9000000000   687193.79784
+1   1.9100000000   570326.95971
+1   1.9200000000   -1235.586004
+1   1.9300000000   -570953.1531
+1   1.9400000000   -685314.5243
+1   1.9500000000   -306823.0985
+1   1.9600000000   200577.93034
+1   1.9700000000   459425.00283
+1   1.9800000000   398234.01463
+1   1.9900000000   194948.78979
+1   2.0000000000   -1864.246618
+1   2.0100000000   -196473.4959
+1   2.0200000000   -396388.3192
+1   2.0300000000   -457698.6410
+1   2.0400000000   -201548.0392
+1   2.0500000000   304977.38527
+1   2.0600000000   685266.29653
+1   2.0700000000   572257.83261
+1   2.0800000000   2219.3928419
+1   2.0900000000   -569061.2568
+1   2.1000000000   -684172.3309
+1   2.1100000000   -304384.2361
+1   2.1200000000   202844.70762
+1   2.1300000000   458208.23326
+1   2.1400000000   393860.17416
+1   2.1500000000   191476.46272
+1   2.1600000000   -2371.580667
+1   2.1700000000   -196490.2618
+1   2.1800000000   -398471.5090
+1   2.1900000000   -460271.0358
+1   2.2000000000   -201391.5986
+1   2.2100000000   307742.29544
+1   2.2200000000   687398.42339
+1   2.2300000000   572046.45596
+1   2.2400000000   1329.4378558
+1   2.2500000000   -568813.7320
+1   2.2600000000   -683655.6160
+1   2.2700000000   -305430.0457
+1   2.2800000000   200600.78838
+1   2.2900000000   456996.44082
+1   2.3000000000   394700.42411
+1   2.3100000000   193071.74794
+1   2.3200000000   -1417.486918
+1   2.3300000000   -195773.4016
+1   2.3400000000   -396970.7149
+1   2.3500000000   -458462.6193
+1   2.3600000000   -200897.8647
+1   2.3700000000   306317.08717
+1   2.3800000000   685048.47971
+1   2.3900000000   569765.48341
+1   2.4000000000   -767.7144801
+1   2.4100000000   -570432.0081
+1   2.4200000000   -683883.2832
+1   2.4300000000   -304376.5915
+1   2.4400000000   201043.38289
+1   2.4500000000   455638.16645
+1   2.4600000000   393386.12409
+1   2.4700000000   194481.16811
+1   2.4800000000   2165.1812228
+1   2.4900000000   -193144.4589
+1   2.5000000000   -396085.4833
+1   2.5100000000   -456478.9724
+1   2.5200000000   -196239.0507
+1   2.5300000000   310785.30185
+1   2.5400000000   686349.15490
+1   2.5500000000   569873.77597
