+256
0.0000000000   2795.7904696
0.0002148437   3078.1352740
0.0004296875   2016.9774252
0.0006445312   793.92802889
0.0008593750   477.11692803
0.0010742187   698.91979259
0.0012890625   636.17985506
0.0015039062   328.62885177
0.0017187500   276.22883529
0.0019335937   423.01432196
0.0021484375   363.06162059
0.0023632812   141.23412498
0.0025781250   108.84108059
0.0027929687   237.40721556
0.0030078125   210.45481420
0.0032226562   19.221803031
0.0034375000   -86.47527474
0.0036523437   -98.56263385
0.0038671875   -199.9234973
0.0040820312   -327.1491941
0.0042968750   -249.3064987
0.0045117187   -7.274343387
0.0047265625   139.83390969
0.0049414062   144.51603093
0.0051562500   176.54309514
0.0053710937   269.29498338
0.0055859375   317.13306645
0.0058007812   361.63642513
0.0060156250   530.53962932
0.0062304687   732.27849897
0.0064453125   736.99832208
0.0066601562   535.46797183
0.0068750000   326.47274918
0.0070898437   186.50625914
0.0073046875   35.117876982
0.0075195312   -117.7743713
0.0077343750   -184.2984935
0.0079492187   -233.3869747
0.0081640625   -429.1626428
0.0083789062   -734.6604609
0.0085937500   -926.7375951
0.0088085937   -903.4674990
0.0090234375   -751.6605211
0.0092382812   -533.9983039
0.0094531250   -247.3333964
0.0096679687   21.401957863
0.0098828125   137.59033404
0.0100976562   131.39004618
0.0103125000   166.77721667
0.0105273437   296.30372368
0.0107421875   427.86806181
0.0109570312   512.89199111
0.0111718750   574.16276500
0.0113867187   567.99283372
0.0116015625   419.76503384
0.0118164062   193.05410269
0.0120312500   39.873207236
0.0122460937   -14.49742541
0.0124609375   -73.42432314
0.0126757812   -179.9240059
0.0128906250   -295.4188095
0.0131054687   -434.4819572
0.0133203125   -634.0044429
0.0135351562   -804.5337657
0.0137500000   -796.6510802
0.0139648437   -614.9696736
0.0141796875   -404.8762907
0.0143945312   -241.0677632
0.0146093750   -90.41273097
0.0148242187   42.590852483
0.0150390625   117.98991099
0.0152539062   201.55516403
0.0154687500   418.70139575
0.0156835937   744.74181638
0.0158984375   994.32579838
0.0161132812   1038.6312988
0.0163281250   903.39426407
0.0165429687   660.06890804
0.0167578125   367.65115491
0.0169726562   121.72578775
0.0171875000   6.0186370081
0.0174023437   -32.30556228
0.0176171875   -138.5431620
0.0178320312   -365.3151978
0.0180468750   -627.9500620
0.0182617187   -827.0948993
0.0184765625   -905.7918323
0.0186914062   -815.4295297
0.0189062500   -561.1964574
0.0191210937   -272.9513718
0.0193359375   -103.2662849
0.0195507812   -54.07966393
0.0197656250   -8.026345683
0.0199804687   93.844879296
0.0201953125   221.80000551
0.0204101562   367.41306876
0.0206250000   539.72399691
0.0208398437   664.72576129
0.0210546875   632.72517548
0.0212695312   456.20026877
0.0214843750   261.82538616
0.0216992187   124.30769717
0.0219140625   21.525517055
0.0221289062   -54.38565783
0.0223437500   -68.57725152
0.0225585937   -33.81114032
0.0227734375   -13.38199767
0.0229882812   -20.34598483
0.0232031250   -12.33432878
0.0234179687   11.593604727
0.0236328125   7.9011899087
0.0238476562   -19.22168262
0.0240625000   -21.54699286
0.0242773437   -1.499649979
0.0244921875   -7.713619218
0.0247070312   -39.53308879
0.0249218750   -49.68719131
0.0251367187   -36.19986857
0.0253515625   -38.09676099
0.0255664062   -47.91096949
0.0257812500   -24.47360179
0.0259960937   14.551665991
0.0262109375   10.692825232
0.0264257812   -29.02215476
0.0266406250   -40.35060666
0.0268554687   -14.42252151
0.0270703125   -6.257839882
0.0272851562   -29.46059297
0.0275000000   -36.93387562
0.0277148437   -13.54277991
0.0279296875   1.3775646470
0.0281445312   -5.569052147
0.0283593750   -1.420932470
0.0285742187   21.692532617
0.0287890625   29.672602431
0.0290039062   11.282395914
0.0292187500   -7.534017584
0.0294335937   -19.21947394
0.0296484375   -40.31610062
0.0298632812   -60.89801232
0.0300781250   -51.80031168
0.0302929687   -22.09892712
0.0305078125   -9.313602290
0.0307226562   -16.06582165
0.0309375000   -14.85303603
0.0311523437   -7.808678224
0.0313671875   -21.87227361
0.0315820312   -53.67982685
0.0317968750   -78.20764572
0.0320117187   -98.05441936
0.0322265625   -118.9843360
0.0324414062   -89.68667713
0.0326562500   58.975437711
0.0328710937   309.25366094
0.0330859375   550.71814349
0.0333007812   684.07066048
0.0335156250   685.41941502
0.0337304687   581.82360747
0.0339453125   426.55015885
0.0341601562   295.57752974
0.0343750000   240.90609044
0.0345898437   227.25712566
0.0348046875   155.89276193
0.0350195312   -35.86018503
0.0352343750   -320.7776652
0.0354492187   -612.5667507
0.0356640625   -813.2809884
0.0358789062   -848.0100087
0.0360937500   -708.2165913
0.0363085937   -470.4701240
0.0365234375   -241.0580691
0.0367382812   -78.25807536
0.0369531250   16.925826080
0.0371679687   58.847010094
0.0373828125   63.982095251
0.0375976562   62.129690905
0.0378125000   75.420991620
0.0380273437   86.818382505
0.0382421875   61.267810987
0.0384570312   -4.550710788
0.0386718750   -79.38674494
0.0388867187   -136.3462063
0.0391015625   -167.0050416
0.0393164062   -163.8878858
0.0395312500   -120.0164974
0.0397460937   -49.36514260
0.0399609375   14.104488529
0.0401757812   44.748921086
0.0403906250   43.005069838
0.0406054687   24.724643399
0.0408203125   1.3062687431
0.0410351562   -27.84126872
0.0412500000   -65.93685502
0.0414648437   -104.2959060
0.0416796875   -122.7122142
0.0418945312   -107.0448714
0.0421093750   -59.35163784
0.0423242187   9.6429062400
0.0425390625   81.569276855
0.0427539062   120.15932663
0.0429687500   85.915967569
0.0431835937   -23.27624164
0.0433984375   -166.9568934
0.0436132812   -310.3824957
0.0438281250   -452.4053965
0.0440429687   -590.1530202
0.0442578125   -684.1306003
0.0444726562   -675.4449798
0.0446875000   -513.3959062
0.0449023437   -167.1104676
0.0451171875   334.59046137
0.0453320312   853.24988791
0.0455468750   1188.8228220
0.0457617187   1223.9022018
0.0459765625   999.68961399
0.0461914062   645.81519233
0.0464062500   287.11821278
0.0466210937   20.266782892
0.0468359375   -105.4644101
0.0470507812   -125.7130856
0.0472656250   -118.7824526
0.0474804687   -101.5358245
0.0476953125   -32.22052177
0.0479101562   78.073552687
0.0481250000   153.24739593
0.0483398437   167.59581647
0.0485546875   164.92783203
0.0487695312   143.58861855
0.0489843750   49.459285737
0.0491992187   -87.40402895
0.0494140625   -150.0912560
0.0496289062   -108.3635328
0.0498437500   -48.49983778
0.0500585937   3.5148399359
0.0502734375   114.75294111
0.0504882812   258.80166543
0.0507031250   295.96065909
0.0509179687   199.54724066
0.0511328125   88.212776951
0.0513476562   -26.83698461
0.0515625000   -272.6586113
0.0517773437   -611.2587035
0.0519921875   -790.7262023
0.0522070312   -703.1183129
0.0524218750   -481.5003859
0.0526367187   -147.9971458
0.0528515625   429.22012014
0.0530664062   1087.5972323
0.0532812500   1396.1298584
0.0534960937   1388.3025863
0.0537109375   1669.8172307
0.0539257812   2371.8460353
0.0541406250   2665.2159119
0.0543554687   2011.4640363
0.0545703125   1289.0691611
0.0547851562   1679.8394064
