+256
0.0000000000   546.44217888
0.0002148437   -207.7317864
0.0004296875   -157.2281999
0.0006445312   170.75320741
0.0008593750   142.92156648
0.0010742187   -113.7429894
0.0012890625   -161.2941077
0.0015039062   -15.58173635
0.0017187500   21.708693562
0.0019335937   -53.54967214
0.0021484375   -20.12185749
0.0023632812   112.30858490
0.0025781250   147.26233875
0.0027929687   81.678762475
0.0030078125   74.553812860
0.0032226562   119.33570382
0.0034375000   73.543904250
0.0036523437   -44.54226735
0.0038671875   -83.27513640
0.0040820312   -39.29646260
0.0042968750   -45.47102321
0.0045117187   -109.7368851
0.0047265625   -112.7956819
0.0049414062   -44.56703242
0.0051562500   -13.48847814
0.0053710937   -32.34286734
0.0055859375   -7.785929595
0.0058007812   61.384581266
0.0060156250   74.075394143
0.0062304687   18.379605540
0.0064453125   -7.802184777
0.0066601562   24.780942545
0.0068750000   42.175444452
0.0070898437   19.237989013
0.0073046875   14.022574900
0.0075195312   39.442073417
0.0077343750   38.323230857
0.0079492187   -1.782102210
0.0081640625   -29.56701252
0.0083789062   -30.26022070
0.0085937500   -35.96246314
0.0088085937   -40.85574553
0.0090234375   -10.46963541
0.0092382812   34.665939671
0.0094531250   43.503325001
0.0096679687   25.953909583
0.0098828125   25.931868333
0.0100976562   29.677838572
0.0103125000   -2.331087393
0.0105273437   -43.91407450
0.0107421875   -44.84104661
0.0109570312   -30.93792186
0.0111718750   -58.19255981
0.0113867187   -99.61062249
0.0116015625   -86.26931858
0.0118164062   -32.40702128
0.0120312500   -9.843090635
0.0122460937   -22.03288777
0.0124609375   -12.87134760
0.0126757812   19.141617354
0.0128906250   24.149874691
0.0131054687   4.2104359460
0.0133203125   9.2457272688
0.0135351562   39.048211671
0.0137500000   46.150463929
0.0139648437   28.116389524
0.0141796875   25.991400392
0.0143945312   39.869557358
0.0146093750   33.007609643
0.0148242187   10.743474726
0.0150390625   12.295680973
0.0152539062   33.217896877
0.0154687500   33.536584624
0.0156835937   11.381212394
0.0158984375   -4.389261929
0.0161132812   -17.93202394
0.0163281250   -49.87965182
0.0165429687   -76.76829811
0.0167578125   -61.03728889
0.0169726562   -22.96707524
0.0171875000   -11.11401256
0.0174023437   -20.74056677
0.0176171875   -11.32262830
0.0178320312   17.138456168
0.0180468750   35.561313378
0.0182617187   49.709550994
0.0184765625   80.810017593
0.0186914062   104.45032523
0.0189062500   80.592124367
0.0191210937   25.389280424
0.0193359375   -14.70578195
0.0195507812   -39.60544815
0.0197656250   -78.87450903
0.0199804687   -119.3624631
0.0201953125   -118.6534536
0.0204101562   -76.31047399
0.0206250000   -29.51672245
0.0208398437   8.9680729534
0.0210546875   54.264392761
0.0212695312   107.77845915
0.0214843750   160.65505473
0.0216992187   217.22657440
0.0219140625   272.39347587
0.0221289062   296.52877456
0.0223437500   285.40654837
0.0225585937   285.41796070
0.0227734375   322.00911707
0.0229882812   347.54061074
0.0232031250   312.29351557
0.0234179687   240.19478927
0.0236328125   177.75609885
0.0238476562   118.15326940
0.0240625000   40.487841475
0.0242773437   -23.45733383
0.0244921875   -32.96590371
0.0247070312   -9.688205200
0.0249218750   2.5841525666
0.0251367187   12.363309165
0.0253515625   49.983127421
0.0255664062   101.64473536
0.0257812500   140.19116288
0.0259960937   184.36808136
0.0262109375   261.46797656
0.0264257812   346.81079451
0.0266406250   403.82597451
0.0268554687   446.34185028
0.0270703125   497.92258522
0.0272851562   530.99269433
0.0275000000   513.85648190
0.0277148437   477.39244416
0.0279296875   465.02596175
0.0281445312   455.79616493
0.0283593750   408.49363933
0.0285742187   343.20304841
0.0287890625   304.55078741
0.0290039062   280.73822545
0.0292187500   236.03816132
0.0294335937   189.99948643
0.0296484375   185.01200507
0.0298632812   203.76828908
0.0300781250   197.98648257
0.0302929687   174.93570462
0.0305078125   178.47809071
0.0307226562   206.84814146
0.0309375000   226.74124412
0.0311523437   249.06597764
0.0313671875   310.83162716
0.0315820312   393.85248712
0.0317968750   438.14868396
0.0320117187   430.63627764
0.0322265625   410.79305625
0.0324414062   392.76675886
0.0326562500   349.33070881
0.0328710937   274.11289621
0.0330859375   199.41109859
0.0333007812   147.87730631
0.0335156250   115.01263839
0.0337304687   97.438225615
0.0339453125   93.199278633
0.0341601562   79.825835003
0.0343750000   35.899110593
0.0345898437   -22.12653584
0.0348046875   -62.91814181
0.0350195312   -86.73332799
0.0352343750   -110.0741670
0.0354492187   -122.2732015
0.0356640625   -101.8707983
0.0358789062   -61.46675272
0.0360937500   -32.64624980
0.0363085937   -19.09248465
0.0365234375   -4.633201970
0.0367382812   8.0927972832
0.0369531250   8.9018147555
0.0371679687   15.198723335
0.0373828125   54.051245506
0.0375976562   121.21347130
0.0378125000   195.52540262
0.0380273437   278.68621971
0.0382421875   380.68866526
0.0384570312   479.31969637
0.0386718750   535.46908163
0.0388867187   541.09607345
0.0391015625   517.95215476
0.0393164062   480.44625563
0.0395312500   435.16013361
0.0397460937   405.04280038
0.0399609375   413.75587703
0.0401757812   448.21220978
0.0403906250   469.89291248
0.0406054687   463.97638461
0.0408203125   451.47343061
0.0410351562   454.42895536
0.0412500000   473.53151202
0.0414648437   500.87682388
0.0416796875   534.33616260
0.0418945312   574.74995050
0.0421093750   619.83657573
0.0423242187   662.08656746
0.0425390625   687.30368314
0.0427539062   678.51800271
0.0429687500   626.44919957
0.0431835937   535.85343961
0.0433984375   425.08830540
0.0436132812   323.43681980
0.0438281250   258.06961121
0.0440429687   229.69042546
0.0442578125   207.78942538
0.0444726562   163.38457967
0.0446875000   99.375992838
0.0449023437   38.401139781
0.0451171875   -4.661502918
0.0453320312   -23.42678969
0.0455468750   -10.22595226
0.0457617187   35.873872316
0.0459765625   104.64912554
0.0461914062   190.17842642
0.0464062500   291.22553594
0.0466210937   388.47484891
0.0468359375   452.55812411
0.0470507812   486.75243858
0.0472656250   525.07699445
0.0474804687   575.52520465
0.0476953125   610.10916820
0.0479101562   624.48652372
0.0481250000   650.21482859
0.0483398437   687.78289190
0.0485546875   693.83909549
0.0487695312   662.57442364
0.0489843750   646.26039067
0.0491992187   660.66539372
0.0494140625   651.60607528
0.0496289062   597.61149591
0.0498437500   556.81403485
0.0500585937   561.34840802
0.0502734375   561.04212157
0.0504882812   530.11133177
0.0507031250   525.51437436
0.0509179687   572.24782334
0.0511328125   603.14672405
0.0513476562   588.24078936
0.0515625000   601.91816445
0.0517773437   677.58692630
0.0519921875   727.78144760
0.0522070312   693.80434279
0.0524218750   614.92940126
0.0526367187   452.14021430
0.0528515625   47.644453090
0.0530664062   -592.5920456
0.0532812500   -1187.252583
0.0534960937   -1516.267097
0.0537109375   -1614.584907
0.0539257812   -1430.148601
0.0541406250   -661.6066582
0.0543554687   646.49158905
0.0545703125   1662.8914839
0.0547851562   1541.8243485
