+1   0.0000000000   -29.71116619
+1   1.0000000000   145.93318132
+1   2.0000000000   -115.3229590
+1   3.0000000000   -272.3393459
+1   4.0000000000   162.40843244
+1   5.0000000000   558.04502384
+1   6.0000000000   97.955788784
+1   7.0000000000   -798.0123509
+1   8.0000000000   -1075.781548
+1   9.0000000000   -626.1471142
+1   10.000000000   -175.0106713
+1   11.000000000   13.618119748
+1   12.000000000   205.95471501
+1   13.000000000   297.69087021
+1   14.000000000   -7.778697748
+1   15.000000000   -367.7799925
+1   16.000000000   -255.5379783
+1   17.000000000   25.840439711
+1   18.000000000   -85.34481132
+1   19.000000000   -199.6047827
+1   20.000000000   320.16961728
+1   21.000000000   789.19684828
+1   22.000000000   -37.85486074
+1   23.000000000   -1719.732942
+1   24.000000000   -2383.139510
+1   25.000000000   -1414.775353
+1   26.000000000   -178.8155255
+1   27.000000000   284.18716417
+1   28.000000000   448.05052317
+1   29.000000000   608.90210816
+1   30.000000000   -59.60701886
+1   31.000000000   -1690.405986
+1   32.000000000   -2668.379262
+1   33.000000000   -1784.152837
+1   34.000000000   -125.7503299
+1   35.000000000   577.16937071
+1   36.000000000   327.34327564
+1   37.000000000   109.65200413
+1   38.000000000   -125.4152755
+1   39.000000000   -972.4524080
+1   40.000000000   -1822.170580
+1   41.000000000   -1470.289862
+1   42.000000000   -170.4122608
+1   43.000000000   602.12626057
+1   44.000000000   343.29586750
+1   45.000000000   -43.24990142
+1   46.000000000   -1.351231471
+1   47.000000000   -21.58410783
+1   48.000000000   -371.8576754
+1   49.000000000   -487.9407987
+1   50.000000000   -52.49430385
+1   51.000000000   399.10885347
+1   52.000000000   382.95583722
+1   53.000000000   103.43439339
+1   54.000000000   -154.5198969
+1   55.000000000   -460.2839123
+1   56.000000000   -745.6707802
+1   57.000000000   -632.7079652
+1   58.000000000   -88.76063196
+1   59.000000000   379.60801525
+1   60.000000000   440.28322227
+1   61.000000000   257.34169471
+1   62.000000000   -34.22354047
+1   63.000000000   -497.1993422
+1   64.000000000   -883.9365870
+1   65.000000000   -698.2700965
+1   66.000000000   -13.81026117
+1   67.000000000   450.62373268
+1   68.000000000   325.96893032
+1   69.000000000   2.7307686852
+1   70.000000000   -178.5019719
+1   71.000000000   -402.3462788
+1   72.000000000   -717.6454903
+1   73.000000000   -668.1109049
+1   74.000000000   -83.68276651
+1   75.000000000   406.59659697
+1   76.000000000   244.67256215
+1   77.000000000   -169.6320677
+1   78.000000000   -82.17597888
+1   79.000000000   472.48745840
+1   80.000000000   759.34080874
+1   81.000000000   420.33744506
+1   82.000000000   -84.42451999
+1   83.000000000   -153.8980592
+1   84.000000000   183.18607900
+1   85.000000000   320.73862939
+1   86.000000000   -173.9889214
+1   87.000000000   -959.3309014
+1   88.000000000   -1233.199744
+1   89.000000000   -709.1744130
+1   90.000000000   20.367240480
+1   91.000000000   317.19048819
+1   92.000000000   274.65542697
+1   93.000000000   224.91070604
+1   94.000000000   -33.46488995
+1   95.000000000   -748.2485342
+1   96.000000000   -1327.320935
+1   97.000000000   -949.3331372
+1   98.000000000   71.658183301
+1   99.000000000   593.71359212
+1   100.00000000   311.11042564
+1   101.00000000   -24.47775404
+1   102.00000000   -116.0068081
+1   103.00000000   -512.5945524
+1   104.00000000   -1161.223677
+1   105.00000000   -1038.534572
+1   106.00000000   53.411920734
+1   107.00000000   722.50470563
+1   108.00000000   66.246573306
+1   109.00000000   -710.8768846
+1   110.00000000   -86.27516817
+1   111.00000000   1346.2865396
+1   112.00000000   1769.2441987
+1   113.00000000   844.75019307
+1   114.00000000   -75.84773390
+1   115.00000000   -159.7158129
+1   116.00000000   47.460998266
+1   117.00000000   -15.02803785
+1   118.00000000   -116.0886124
+1   119.00000000   -44.71105824
+1   120.00000000   -57.27126885
+1   121.00000000   -190.3930819
+1   122.00000000   -96.03999889
+1   123.00000000   170.12509380
+1   124.00000000   111.39676326
+1   125.00000000   -212.8832310
+1   126.00000000   -92.98843891
+1   127.00000000   601.85450988
+1   128.00000000   1024.9971493
+1   129.00000000   631.48871001
+1   130.00000000   16.082179360
+1   131.00000000   -67.39316323
+1   132.00000000   207.01457188
+1   133.00000000   244.81144539
+1   134.00000000   29.758540319
+1   135.00000000   -47.03723137
+1   136.00000000   59.890591226
+1   137.00000000   94.368621199
+1   138.00000000   30.704979681
+1   139.00000000   34.537479558
+1   140.00000000   77.777867847
+1   141.00000000   24.760221591
+1   142.00000000   -50.88203261
+1   143.00000000   0.8690708507
+1   144.00000000   94.061768055
+1   145.00000000   47.060868275
+1   146.00000000   -77.18644407
+1   147.00000000   -56.47914432
+1   148.00000000   126.49676059
+1   149.00000000   225.62682252
+1   150.00000000   28.080473526
+1   151.00000000   -390.9278704
+1   152.00000000   -691.6564653
+1   153.00000000   -567.9280416
+1   154.00000000   -111.7271243
+1   155.00000000   210.75138321
+1   156.00000000   113.50645162
+1   157.00000000   -124.3076833
+1   158.00000000   -87.87118807
+1   159.00000000   139.29946250
+1   160.00000000   161.42374548
+1   161.00000000   -48.75193608
+1   162.00000000   -141.2626243
+1   163.00000000   -7.722191839
+1   164.00000000   97.306865248
+1   165.00000000   52.172048652
+1   166.00000000   -14.62137747
+1   167.00000000   -100.1300568
+1   168.00000000   -292.4870288
+1   169.00000000   -377.8275302
+1   170.00000000   -82.53557896
+1   171.00000000   296.20793801
+1   172.00000000   205.72065099
+1   173.00000000   -162.1199843
+1   174.00000000   -6.943324731
+1   175.00000000   750.21902867
+1   176.00000000   1161.4155844
+1   177.00000000   665.08709117
+1   178.00000000   -48.48426571
+1   179.00000000   -137.8125536
+1   180.00000000   186.87390039
+1   181.00000000   236.10910980
+1   182.00000000   -22.64039937
+1   183.00000000   -153.9813894
+1   184.00000000   -98.95823282
+1   185.00000000   -88.46162780
+1   186.00000000   -71.28416721
+1   187.00000000   97.637125152
+1   188.00000000   212.01598069
+1   189.00000000   72.206526010
+1   190.00000000   -36.98510171
+1   191.00000000   174.20003837
+1   192.00000000   395.17093077
+1   193.00000000   220.79333328
+1   194.00000000   -93.07601620
+1   195.00000000   -62.48792062
+1   196.00000000   167.92794024
+1   197.00000000   132.99535129
+1   198.00000000   -79.28773099
+1   199.00000000   -39.18573409
+1   200.00000000   171.09875453
+1   201.00000000   121.51863418
+1   202.00000000   -111.9788218
+1   203.00000000   -73.76412835
+1   204.00000000   192.81131818
+1   205.00000000   207.99668686
+1   206.00000000   -49.21944209
+1   207.00000000   -116.8006009
+1   208.00000000   77.754664834
+1   209.00000000   123.12511396
+1   210.00000000   -49.55513471
+1   211.00000000   -45.44311748
+1   212.00000000   186.36729591
+1   213.00000000   208.29350925
+1   214.00000000   -84.99132634
+1   215.00000000   -251.4580451
+1   216.00000000   -97.79386635
+1   217.00000000   30.201795994
+1   218.00000000   -38.71863563
+1   219.00000000   -10.98902542
+1   220.00000000   204.33251598
+1   221.00000000   236.50925578
+1   222.00000000   -49.51863110
+1   223.00000000   -253.0181431
+1   224.00000000   -136.9635563
+1   225.00000000   0.7210197855
+1   226.00000000   -42.64279397
+1   227.00000000   -8.203294462
+1   228.00000000   220.61768008
+1   229.00000000   269.53016354
+1   230.00000000   -77.65037462
+1   231.00000000   -438.1551491
+1   232.00000000   -432.3018463
+1   233.00000000   -220.9171763
+1   234.00000000   -84.06996201
+1   235.00000000   28.484263957
+1   236.00000000   173.76638652
+1   237.00000000   152.98495651
+1   238.00000000   -68.23356602
+1   239.00000000   -166.8323655
+1   240.00000000   -18.08855840
+1   241.00000000   64.555623450
+1   242.00000000   -53.29121863
+1   243.00000000   -46.09364414
+1   244.00000000   200.34937619
+1   245.00000000   261.66264104
+1   246.00000000   -77.97440182
+1   247.00000000   -375.7046542
+1   248.00000000   -271.6185245
+1   249.00000000   -59.16044132
+1   250.00000000   -49.71403828
+1   251.00000000   -18.39991005
+1   252.00000000   201.71558406
+1   253.00000000   247.93338311
+1   254.00000000   -68.27119056
+1   255.00000000   -264.8227778
