+1   0.0000000000   5.3234927528
+1   1.0000000000   26.370699324
+1   2.0000000000   28.262266374
+1   3.0000000000   -11.93057708
+1   4.0000000000   -21.12609020
+1   5.0000000000   15.583056537
+1   6.0000000000   27.914969196
+1   7.0000000000   5.1694115301
+1   8.0000000000   11.631194528
+1   9.0000000000   46.008738521
+1   10.000000000   37.078828112
+1   11.000000000   -12.63962306
+1   12.000000000   -26.44883051
+1   13.000000000   -1.245032726
+1   14.000000000   -11.16838944
+1   15.000000000   -60.68949527
+1   16.000000000   -76.25123608
+1   17.000000000   -48.25525380
+1   18.000000000   -43.85301603
+1   19.000000000   -74.46520563
+1   20.000000000   -82.49401958
+1   21.000000000   -61.82727842
+1   22.000000000   -63.86667941
+1   23.000000000   -83.95025594
+1   24.000000000   -66.59972864
+1   25.000000000   -21.66558505
+1   26.000000000   -12.02476649
+1   27.000000000   -28.82883496
+1   28.000000000   -2.914136020
+1   29.000000000   59.765995940
+1   30.000000000   77.853038097
+1   31.000000000   36.478186789
+1   32.000000000   11.442587681
+1   33.000000000   38.422595951
+1   34.000000000   67.187288647
+1   35.000000000   63.715205486
+1   36.000000000   58.399033663
+1   37.000000000   71.351722706
+1   38.000000000   76.822184491
+1   39.000000000   63.424089158
+1   40.000000000   55.943895227
+1   41.000000000   60.359027365
+1   42.000000000   51.415713538
+1   43.000000000   26.383344272
+1   44.000000000   13.596694414
+1   45.000000000   20.475509274
+1   46.000000000   25.165030198
+1   47.000000000   22.618536370
+1   48.000000000   29.414160059
+1   49.000000000   40.830383684
+1   50.000000000   30.113642796
+1   51.000000000   -4.635290279
+1   52.000000000   -33.13181787
+1   53.000000000   -39.00069761
+1   54.000000000   -40.55602197
+1   55.000000000   -57.80825323
+1   56.000000000   -84.23854499
+1   57.000000000   -102.1673081
+1   58.000000000   -109.6810213
+1   59.000000000   -117.8469069
+1   60.000000000   -126.5472052
+1   61.000000000   -121.9500966
+1   62.000000000   -107.8148207
+1   63.000000000   -117.4312164
+1   64.000000000   -164.4303950
+1   65.000000000   -200.3370796
+1   66.000000000   -171.1662396
+1   67.000000000   -106.3139002
+1   68.000000000   -84.49815068
+1   69.000000000   -111.3970143
+1   70.000000000   -113.3246402
+1   71.000000000   -64.92921426
+1   72.000000000   -27.75930274
+1   73.000000000   -33.58062392
+1   74.000000000   -31.01487190
+1   75.000000000   10.149062711
+1   76.000000000   44.225743923
+1   77.000000000   46.486259032
+1   78.000000000   59.878591355
+1   79.000000000   96.969957557
+1   80.000000000   106.49158643
+1   81.000000000   84.638707861
+1   82.000000000   97.404466230
+1   83.000000000   145.68757196
+1   84.000000000   145.58020449
+1   85.000000000   91.136012920
+1   86.000000000   82.242624373
+1   87.000000000   137.65323190
+1   88.000000000   151.38956676
+1   89.000000000   93.098619756
+1   90.000000000   64.060365466
+1   91.000000000   92.089560263
+1   92.000000000   77.398538007
+1   93.000000000   8.0937330243
+1   94.000000000   1.3523854752
+1   95.000000000   60.586364703
+1   96.000000000   44.071557928
+1   97.000000000   -51.71138056
+1   98.000000000   -59.43480263
+1   99.000000000   31.729361580
+1   100.00000000   33.704120236
+1   101.00000000   -70.36910840
+1   102.00000000   -72.42609693
+1   103.00000000   44.385895665
+1   104.00000000   39.542901628
+1   105.00000000   -114.7019480
+1   106.00000000   -147.3029484
+1   107.00000000   -15.54418355
+1   108.00000000   -14.70029490
+1   109.00000000   -189.9805627
+1   110.00000000   -204.6224375
+1   111.00000000   -3.410266115
+1   112.00000000   28.365619659
+1   113.00000000   -176.9699207
+1   114.00000000   -172.7020561
+1   115.00000000   125.87115637
+1   116.00000000   189.45990913
+1   117.00000000   -99.64978102
+1   118.00000000   -113.0677628
+1   119.00000000   305.05953758
+1   120.00000000   372.40981025
+1   121.00000000   -158.6609484
+1   122.00000000   -317.8300533
+1   123.00000000   256.38064740
+1   124.00000000   211.16482518
+1   125.00000000   -1217.878563
+1   126.00000000   -2111.384543
+1   127.00000000   -305.7055977
+1   128.00000000   2870.2224381
+1   129.00000000   3896.7224513
+1   130.00000000   1962.3577084
+1   131.00000000   -83.73721541
+1   132.00000000   -82.68411485
+1   133.00000000   760.38832506
+1   134.00000000   572.78346716
+1   135.00000000   -218.8553932
+1   136.00000000   -257.6321713
+1   137.00000000   218.46360951
+1   138.00000000   116.36403641
+1   139.00000000   -422.3156542
+1   140.00000000   -473.4305159
+1   141.00000000   -112.7885525
+1   142.00000000   -130.9650052
+1   143.00000000   -485.5658155
+1   144.00000000   -487.9492516
+1   145.00000000   -171.5654150
+1   146.00000000   -164.9762044
+1   147.00000000   -456.4219850
+1   148.00000000   -472.2406653
+1   149.00000000   -203.3379278
+1   150.00000000   -168.7001118
+1   151.00000000   -388.1650975
+1   152.00000000   -390.1418048
+1   153.00000000   -150.2980400
+1   154.00000000   -99.63256876
+1   155.00000000   -261.4503380
+1   156.00000000   -238.0490171
+1   157.00000000   -15.12344639
+1   158.00000000   20.962214757
+1   159.00000000   -156.2165428
+1   160.00000000   -180.7536959
+1   161.00000000   -6.813459169
+1   162.00000000   42.670486435
+1   163.00000000   -72.96291460
+1   164.00000000   -68.47983310
+1   165.00000000   70.536393442
+1   166.00000000   68.936192394
+1   167.00000000   -69.46710924
+1   168.00000000   -64.04529898
+1   169.00000000   84.137203903
+1   170.00000000   98.314261873
+1   171.00000000   -27.79304351
+1   172.00000000   -33.21667886
+1   173.00000000   83.666522372
+1   174.00000000   72.151929646
+1   175.00000000   -60.47917133
+1   176.00000000   -64.48874949
+1   177.00000000   48.653139176
+1   178.00000000   27.347206496
+1   179.00000000   -115.1653484
+1   180.00000000   -119.6666081
+1   181.00000000   8.4460663846
+1   182.00000000   4.1789220862
+1   183.00000000   -143.8889583
+1   184.00000000   -174.1617961
+1   185.00000000   -56.85885574
+1   186.00000000   -40.32993956
+1   187.00000000   -165.5055496
+1   188.00000000   -197.0222933
+1   189.00000000   -84.62547864
+1   190.00000000   -52.98840061
+1   191.00000000   -170.4850920
+1   192.00000000   -237.7708133
+1   193.00000000   -171.9715425
+1   194.00000000   -124.6441886
+1   195.00000000   -156.9568410
+1   196.00000000   -148.0711264
+1   197.00000000   -76.30106264
+1   198.00000000   -63.02137508
+1   199.00000000   -103.2747647
+1   200.00000000   -65.58382434
+1   201.00000000   26.508854870
+1   202.00000000   20.927521699
+1   203.00000000   -58.76711795
+1   204.00000000   -45.88459265
+1   205.00000000   47.107932685
+1   206.00000000   54.706603798
+1   207.00000000   -12.04589581
+1   208.00000000   14.232490712
+1   209.00000000   122.21240486
+1   210.00000000   133.97890482
+1   211.00000000   45.535422735
+1   212.00000000   31.434510924
+1   213.00000000   110.10129926
+1   214.00000000   123.94251096
+1   215.00000000   56.811820853
+1   216.00000000   54.820567618
+1   217.00000000   121.13922298
+1   218.00000000   102.55245771
+1   219.00000000   -2.914221719
+1   220.00000000   -31.02310526
+1   221.00000000   33.323178545
+1   222.00000000   24.229014618
+1   223.00000000   -91.97006355
+1   224.00000000   -160.4904372
+1   225.00000000   -131.3022459
+1   226.00000000   -131.4992608
+1   227.00000000   -203.5622154
+1   228.00000000   -235.4178747
+1   229.00000000   -196.9110782
+1   230.00000000   -197.7702552
+1   231.00000000   -264.6544995
+1   232.00000000   -292.1026874
+1   233.00000000   -254.6878425
+1   234.00000000   -248.5973291
+1   235.00000000   -290.7984864
+1   236.00000000   -288.5361514
+1   237.00000000   -233.6795848
+1   238.00000000   -222.1239021
+1   239.00000000   -260.1185394
+1   240.00000000   -250.2793219
+1   241.00000000   -184.2444940
+1   242.00000000   -155.9077509
+1   243.00000000   -175.6803362
+1   244.00000000   -160.6724565
+1   245.00000000   -108.9934031
+1   246.00000000   -95.56230053
+1   247.00000000   -102.5715054
+1   248.00000000   -45.87421952
+1   249.00000000   41.134831913
+1   250.00000000   46.298327548
+1   251.00000000   -9.384995687
+1   252.00000000   1.8299869423
+1   253.00000000   82.517818181
+1   254.00000000   105.79317824
+1   255.00000000   44.348620338
